1
80 10000
2 27 25
1 7 20
1 49 9
4 60 55
3 35 74
4 65 51
1 53 40
3 54 36
2 39 40
4 49 31
1 2 11
3 59 77
3 57 34
4 10 23
3 51 25
2 68 22
2 57 73
1 64 59
2 15 77
3 52 1
2 56 54
1 63 56
2 38 1
1 13 55
2 66 71
1 31 49
4 0 21
1 36 21
2 31 28
2 28 68
4 75 8
1 56 43
1 77 23
3 10 8
2 72 55
1 40 73
3 36 19
2 13 2
2 11 39
1 43 21
2 46 14
1 61 29
1 5 14
1 65 42
1 42 38
1 48 1
1 56 37
3 63 45
1 21 48
2 26 51
2 79 20
4 17 74
3 29 5
2 70 51
2 32 0
2 65 75
1 75 61
2 32 27
4 7 69
2 12 75
1 19 33
1 67 75
2 55 8
4 28 52
2 18 69
2 53 30
2 40 21
4 25 16
1 75 35
2 74 42
2 48 69
1 49 31
3 39 1
3 45 44
1 56 79
3 63 22
2 48 40
4 35 63
1 20 49
2 64 34
4 50 10
4 50 27
3 5 30
4 57 46
2 54 61
3 22 46
3 55 0
3 60 12
3 35 72
4 43 37
2 75 63
2 18 43
4 75 1
1 45 20
4 9 13
1 28 10
1 6 48
2 21 51
2 12 19
2 74 11
3 22 48
3 54 4
2 65 28
1 53 15
4 47 19
2 77 39
3 5 44
2 64 75
2 9 49
3 63 34
3 18 5
2 17 1
2 61 13
1 68 7
2 14 79
1 6 13
3 1 78
1 41 40
1 40 46
4 28 40
1 57 6
1 11 36
3 8 78
2 50 32
4 3 6
1 71 52
2 75 79
4 2 63
3 22 42
2 37 13
1 32 39
2 39 6
2 31 72
3 44 47
2 73 0
3 67 21
3 49 26
2 9 21
1 9 1
1 48 61
1 31 13
2 49 60
1 79 24
1 31 66
1 64 31
1 29 33
3 69 61
1 54 23
4 8 55
3 45 48
2 47 42
2 75 73
2 22 45
1 76 27
3 59 33
2 70 77
3 22 12
1 11 44
2 9 75
1 43 17
1 77 15
1 18 56
4 32 61
4 45 46
1 19 27
1 72 46
1 6 7
4 70 14
3 57 68
3 11 22
1 33 19
2 60 41
2 64 53
4 51 42
2 70 45
2 54 18
3 74 52
1 73 23
1 5 63
1 69 10
3 8 10
4 60 20
2 8 44
1 22 60
2 72 13
3 59 34
3 31 55
2 60 12
4 34 31
1 71 34
1 17 63
3 35 25
1 55 56
1 23 42
1 72 64
3 39 76
4 62 28
1 70 47
1 17 40
2 59 28
1 35 40
4 50 19
2 8 51
1 63 45
3 54 53
2 19 46
4 52 42
2 2 25
2 20 49
1 3 67
3 12 44
2 13 66
1 77 61
1 20 67
4 46 63
2 9 65
2 58 64
2 36 72
2 15 71
1 47 40
4 18 43
2 5 3
1 77 19
2 21 62
4 49 20
2 33 69
1 37 41
3 17 71
3 12 70
3 66 48
1 41 37
2 31 4
3 29 62
2 8 55
2 58 29
1 5 58
4 46 44
4 43 10
1 5 42
1 78 13
2 28 38
1 56 55
4 37 10
1 28 71
1 35 74
3 47 77
2 14 24
3 15 33
1 41 11
2 2 55
2 25 68
3 75 14
2 17 72
1 34 59
2 9 42
1 14 20
1 70 9
1 44 62
1 17 78
1 56 23
2 57 5
1 25 54
2 72 2
2 43 21
2 0 72
1 57 46
2 19 79
3 10 4
2 20 5
1 41 23
1 52 4
2 71 34
3 78 6
2 67 70
1 45 44
1 13 61
4 54 48
1 59 42
2 67 47
1 5 77
3 0 61
1 50 52
2 25 9
1 61 64
4 13 61
4 43 77
4 18 46
2 74 38
4 3 72
4 19 30
2 74 73
1 22 29
3 1 56
1 53 75
4 59 31
3 46 66
3 74 76
1 50 53
1 47 27
2 75 77
3 52 79
2 23 41
2 79 78
2 9 50
1 5 77
4 16 1
2 14 17
1 13 34
2 2 53
3 35 63
2 58 76
4 71 12
1 12 54
3 47 33
2 41 63
1 47 65
4 64 71
2 42 27
2 36 19
3 37 36
2 35 47
3 2 0
1 75 55
2 9 32
1 16 76
3 35 46
1 29 64
1 35 29
1 38 19
3 63 47
2 26 34
1 19 49
1 58 23
1 19 13
1 15 8
3 16 61
1 13 65
1 45 1
2 53 11
2 22 25
1 50 58
2 18 74
4 15 11
2 33 76
2 72 0
1 6 71
2 6 22
2 64 9
2 7 9
1 13 27
4 43 34
2 27 61
2 66 62
1 22 73
1 64 55
2 77 33
2 17 14
1 15 68
2 59 51
2 53 38
2 33 38
2 11 65
2 49 59
4 78 45
1 1 52
2 71 70
4 67 23
3 72 39
4 67 57
2 68 37
4 31 21
4 6 5
3 52 43
1 6 39
4 46 21
1 15 38
4 32 68
2 66 43
1 77 25
4 25 36
3 31 43
1 15 51
3 2 57
1 39 7
4 61 23
1 43 61
3 54 50
1 76 20
1 18 47
1 21 54
1 33 4
2 33 67
2 38 40
2 2 75
1 30 1
3 73 58
1 39 15
4 1 25
2 5 27
2 28 7
1 50 35
2 1 30
2 55 38
1 57 4
2 18 54
4 58 9
3 66 48
2 28 7
2 1 44
4 16 64
2 57 33
2 24 13
1 18 41
2 75 40
2 38 58
2 71 47
1 0 69
1 60 28
3 39 41
2 52 4
2 29 57
3 33 19
2 43 55
3 34 60
2 50 39
1 17 51
2 63 4
3 63 35
3 7 3
2 59 38
2 18 8
2 57 25
2 22 67
4 49 42
1 41 0
2 25 15
3 10 24
1 74 73
1 39 40
1 21 28
1 70 72
3 27 36
1 38 24
3 56 51
2 13 29
2 15 53
3 67 11
3 53 30
4 21 27
1 21 42
4 33 64
1 48 16
1 64 41
2 16 67
1 36 34
1 70 72
1 0 39
3 68 33
2 79 75
1 44 26
3 76 57
2 67 58
1 5 21
2 11 27
2 60 73
1 63 71
1 1 17
4 36 44
3 6 28
3 65 9
4 43 76
1 22 48
4 12 50
4 16 41
1 16 59
2 21 9
1 12 2
3 69 48
4 52 70
3 45 4
3 42 62
1 35 25
1 14 29
4 29 20
1 69 25
2 60 17
2 8 32
2 23 51
2 76 18
1 54 11
3 26 54
2 60 56
4 19 9
3 20 16
1 27 36
1 62 6
2 31 16
1 56 37
1 12 3
2 69 2
2 3 62
1 61 55
3 24 11
4 59 25
1 14 74
2 11 26
1 19 68
2 27 17
2 74 27
2 27 28
2 54 16
2 13 41
1 59 63
2 18 1
2 12 8
2 70 14
4 41 43
2 2 45
1 53 66
4 34 12
2 67 28
4 68 5
2 77 24
2 44 46
2 25 51
4 25 57
3 32 31
1 13 77
3 28 11
2 39 13
3 68 11
2 40 61
4 61 41
2 9 8
1 11 36
1 79 71
4 41 63
3 71 53
2 27 14
4 39 56
1 5 18
2 12 24
1 20 9
3 79 63
1 19 18
3 29 33
2 38 14
2 7 40
2 56 42
1 79 54
2 53 37
1 51 65
1 16 34
4 25 40
3 18 17
2 23 53
3 72 44
1 0 7
1 47 74
1 53 25
1 14 79
2 9 65
3 39 75
3 74 62
3 48 62
2 1 11
2 63 72
2 64 50
1 71 77
1 16 39
1 53 74
1 20 62
2 24 5
2 20 78
1 43 1
2 0 75
1 14 50
2 65 30
2 57 12
2 28 65
3 62 13
1 77 18
2 69 65
1 22 77
4 31 40
3 34 60
3 71 1
1 73 4
4 77 18
2 52 25
4 53 58
1 50 77
4 66 42
1 26 43
4 79 34
2 54 10
1 8 11
1 1 8
1 1 46
2 40 25
3 23 47
2 3 10
1 60 78
4 63 36
4 14 13
4 78 17
4 23 25
3 12 45
2 57 42
1 73 3
1 31 62
2 2 10
1 39 22
1 10 79
3 16 30
2 71 28
2 61 0
2 10 67
2 39 63
2 47 19
1 4 26
2 65 74
1 62 12
2 32 28
2 3 52
2 53 61
4 42 79
4 8 33
1 17 43
2 37 7
2 77 24
1 36 38
2 2 68
1 28 6
4 28 37
2 2 69
2 69 50
2 72 44
2 68 16
3 15 79
3 15 31
3 34 58
2 53 36
1 35 62
1 47 46
3 0 17
3 19 35
2 49 0
1 38 5
2 14 12
2 14 61
1 3 18
2 25 34
2 3 38
2 53 15
4 42 14
2 77 57
1 55 45
4 4 33
1 13 60
3 71 43
3 57 37
1 62 34
3 63 21
4 6 60
1 54 18
1 33 51
1 75 34
1 71 41
1 61 42
4 61 35
4 36 4
4 13 72
1 8 46
2 40 58
1 78 74
4 1 23
1 13 19
2 10 34
3 49 9
2 52 75
4 41 57
2 56 4
2 4 70
4 7 9
4 22 67
2 39 28
4 46 34
2 29 62
4 27 2
4 39 62
1 16 58
1 5 12
1 9 47
3 65 46
4 23 57
4 63 26
2 77 55
3 71 7
4 54 20
3 49 12
2 73 34
2 79 62
1 73 55
2 30 52
3 69 76
4 19 4
2 60 48
4 27 22
1 27 51
2 32 63
2 35 2
2 38 50
3 72 47
4 65 4
2 11 38
1 12 62
1 21 38
2 79 3
2 70 15
2 14 6
2 61 38
3 48 31
1 77 62
2 73 41
3 33 10
2 66 41
3 6 12
3 72 49
2 63 34
3 58 77
1 13 9
1 15 4
1 72 20
3 37 39
1 72 76
4 78 66
1 40 72
2 66 57
3 59 43
1 39 13
1 24 22
2 2 12
3 34 48
3 21 2
2 54 23
1 53 49
1 38 23
3 51 61
1 30 45
2 43 64
2 15 20
1 13 12
4 58 30
4 44 70
2 64 42
4 13 2
1 29 63
1 60 24
4 41 4
2 61 4
1 69 0
2 7 46
1 62 12
4 30 45
2 22 50
2 44 36
4 45 36
3 10 11
1 75 6
1 33 40
2 22 3
1 19 1
3 46 73
4 44 11
1 76 21
2 31 21
3 16 24
3 49 53
3 64 60
1 7 0
4 28 54
2 69 10
2 5 35
2 21 7
2 78 65
1 70 58
1 70 21
2 79 66
4 57 68
1 60 7
2 44 64
2 11 32
2 13 19
3 40 36
2 36 60
2 7 56
2 47 74
2 48 24
2 70 52
2 13 23
4 26 12
2 28 43
2 9 32
2 57 29
2 27 32
2 57 72
1 11 13
2 0 42
2 2 70
2 0 35
2 37 51
3 70 49
2 75 63
2 25 54
2 19 44
2 2 6
2 68 39
1 9 73
1 41 13
4 73 21
2 1 52
1 46 79
2 58 75
1 13 63
2 51 75
2 59 22
3 11 70
3 57 40
2 63 21
4 12 33
1 29 5
3 19 12
3 18 11
2 32 6
1 33 28
1 38 30
3 9 39
4 54 67
3 44 14
1 50 40
2 55 9
4 62 40
2 17 48
1 58 40
1 55 43
2 69 77
4 6 31
1 17 5
1 9 61
1 3 18
1 24 31
4 24 47
2 1 24
2 77 45
4 16 40
1 63 73
3 2 8
2 59 26
2 16 58
2 63 0
4 18 17
2 29 18
1 63 49
2 41 31
2 63 23
2 8 59
2 8 55
2 6 12
3 22 76
1 62 59
2 26 7
4 20 13
2 11 46
2 39 12
4 17 61
2 64 59
3 12 31
3 66 57
2 10 59
4 45 48
3 24 9
2 32 47
4 12 19
2 8 71
1 6 26
2 70 73
1 11 24
3 62 22
2 23 10
4 4 79
2 62 79
1 21 67
1 4 27
3 79 62
2 56 40
4 11 78
1 44 43
4 63 39
1 12 26
1 22 39
2 77 26
1 79 47
1 35 38
4 31 55
1 27 67
2 7 64
4 48 59
2 52 74
2 39 12
3 15 38
4 11 3
4 66 6
2 14 19
1 42 59
2 67 9
4 53 78
3 10 66
2 68 19
2 68 22
4 6 48
3 78 30
4 34 15
3 17 51
4 6 63
2 49 8
1 46 4
2 4 19
2 36 39
1 21 48
1 19 59
1 9 72
1 79 53
2 58 31
1 3 67
2 65 62
1 65 59
4 67 34
1 74 39
2 74 41
1 34 28
2 66 19
2 54 61
2 5 7
1 29 58
1 23 67
2 15 4
1 56 24
3 43 67
4 74 44
2 69 66
1 26 18
3 49 31
4 49 70
2 18 12
2 38 65
3 48 63
3 69 54
4 69 66
1 15 8
3 0 16
1 55 31
2 31 58
3 26 49
2 16 28
1 56 68
2 38 31
1 17 66
2 6 30
2 30 22
4 45 74
3 28 61
2 22 40
1 42 59
2 4 35
4 51 4
2 74 38
1 29 76
2 57 58
2 55 5
2 70 77
1 18 34
2 3 38
2 72 55
1 29 34
2 63 28
1 30 51
2 55 4
2 45 59
2 29 26
1 32 29
1 20 78
2 27 77
1 78 52
1 48 16
2 42 56
3 68 78
4 53 71
1 37 53
2 47 60
4 56 32
3 73 45
2 10 77
1 49 17
2 44 52
2 75 65
4 69 10
4 18 39
4 52 75
2 47 59
1 38 1
1 29 35
1 2 12
1 31 57
4 42 11
1 25 30
2 54 72
1 18 62
1 52 6
2 2 12
4 43 50
4 35 34
2 45 69
1 0 27
1 66 77
1 21 50
1 16 52
1 72 6
4 39 37
2 76 68
1 44 30
1 39 15
1 70 30
3 79 73
1 63 4
3 69 75
2 64 3
1 33 11
4 68 57
2 14 54
2 71 48
4 55 33
1 33 2
1 5 62
2 42 48
2 75 26
4 39 74
2 26 31
1 55 46
2 6 11
1 47 42
1 3 24
3 36 41
2 36 30
2 22 68
4 31 77
2 49 18
1 9 54
2 45 9
1 77 23
1 68 38
2 25 20
4 23 5
4 4 76
2 9 17
1 13 54
2 55 12
1 69 4
1 30 23
1 25 62
2 78 58
2 67 4
4 48 49
2 65 74
1 54 47
4 59 54
3 44 27
3 3 30
1 6 1
1 7 41
1 12 34
3 56 3
2 11 41
2 52 61
3 37 5
2 28 68
4 55 34
2 28 36
2 51 30
2 69 67
1 33 31
1 71 52
1 25 45
3 72 75
3 49 66
3 51 29
2 15 42
2 14 25
3 14 27
2 11 42
2 17 61
1 77 51
2 78 19
1 44 18
4 10 52
4 58 57
2 33 40
1 75 4
2 18 79
1 68 76
3 67 38
4 11 60
4 34 11
4 68 19
2 36 4
2 51 58
1 26 18
1 8 60
3 14 39
4 5 59
1 68 60
1 22 0
2 10 47
4 1 9
3 0 26
1 69 53
4 23 13
1 32 52
2 68 38
2 63 32
4 65 11
2 69 71
2 7 55
1 58 7
2 17 79
3 71 61
3 1 59
1 30 54
4 79 72
2 18 6
4 58 70
2 56 27
2 57 39
2 4 75
3 4 64
1 69 70
2 55 64
1 75 24
4 63 45
1 34 36
2 53 51
2 68 26
1 48 42
2 71 3
4 35 19
3 55 34
2 38 5
4 44 36
1 36 73
3 7 46
3 35 19
1 11 29
1 74 7
4 79 44
2 26 69
1 76 67
3 3 10
1 62 7
1 18 79
3 8 49
2 43 12
4 11 53
1 62 15
4 29 31
4 53 2
2 44 43
1 31 22
2 71 12
1 78 10
3 73 30
2 48 8
2 39 78
1 56 61
3 38 45
2 37 62
3 21 58
2 56 14
2 6 60
3 40 63
4 73 38
2 38 59
1 3 63
1 56 21
1 15 25
4 7 18
1 67 31
2 7 16
2 0 7
2 16 26
2 46 56
2 56 65
4 37 1
3 32 75
2 2 25
2 11 7
2 61 51
3 2 27
2 32 73
4 78 79
2 71 6
4 55 57
1 24 47
4 8 72
2 20 1
3 37 27
1 39 38
1 44 68
4 60 58
2 38 73
4 41 63
1 16 11
2 8 24
2 54 8
2 18 0
2 48 45
3 70 47
2 18 4
2 15 1
4 59 41
1 16 18
3 19 25
2 66 73
2 48 45
1 0 71
2 12 76
3 20 47
3 77 12
1 54 25
4 62 21
1 11 19
2 29 16
2 33 21
2 13 17
1 4 23
1 5 38
1 3 61
2 53 35
1 34 29
1 51 44
2 54 1
1 55 21
1 76 39
3 11 74
1 5 64
1 67 5
3 30 55
1 22 59
2 77 16
3 9 70
2 30 55
2 32 61
2 10 39
3 8 29
4 8 65
2 69 55
3 53 65
2 10 66
4 28 35
4 64 9
1 50 15
1 2 59
3 27 65
2 73 33
3 32 29
2 28 24
1 57 3
2 18 24
3 50 79
2 39 34
3 52 77
1 69 61
2 66 46
4 41 69
4 28 76
3 53 62
4 44 35
2 23 55
4 36 56
3 70 50
4 48 28
2 39 33
4 61 36
4 35 26
4 8 36
2 45 35
1 26 44
1 19 59
2 2 39
2 71 37
2 22 38
4 64 22
1 15 5
2 61 12
4 26 27
4 77 4
1 33 19
1 16 12
2 35 64
3 58 22
4 59 19
3 69 6
3 9 46
3 15 32
4 42 46
2 39 15
3 4 19
1 73 1
3 57 29
2 47 3
2 79 38
1 29 49
1 74 22
2 57 38
1 38 62
1 0 23
4 72 36
1 76 46
1 37 64
4 71 3
4 64 7
2 13 7
2 78 63
4 9 49
3 8 62
1 9 24
1 53 38
1 54 32
1 79 51
1 53 10
2 79 76
4 59 47
2 44 50
1 76 7
1 77 76
2 60 52
1 58 75
2 29 17
1 32 19
2 5 64
2 40 66
2 6 31
3 13 68
4 22 64
2 23 25
2 9 20
4 39 32
3 66 63
4 52 71
2 18 27
2 53 57
1 60 8
2 29 32
3 9 62
3 65 19
3 6 16
1 24 41
2 67 2
4 72 55
3 47 44
2 39 31
1 40 51
2 56 12
1 63 42
1 63 32
1 56 22
3 76 61
1 56 28
3 63 73
4 39 2
2 12 53
1 68 17
2 53 52
1 41 75
1 40 15
2 78 65
4 20 53
2 52 1
2 28 10
2 39 42
2 42 59
4 26 75
2 5 58
1 15 63
2 69 50
2 56 65
2 10 32
2 5 57
1 45 14
2 38 34
4 78 49
2 4 43
1 52 23
2 67 9
1 11 60
3 35 68
2 50 54
3 68 2
1 1 50
2 32 62
4 21 3
1 1 22
2 5 76
2 17 53
2 29 65
3 52 13
2 13 34
1 0 28
1 77 2
1 71 41
4 31 18
1 58 67
3 36 64
2 33 14
3 18 2
1 59 3
3 52 12
2 69 38
2 69 5
2 0 7
1 18 30
3 47 29
1 69 22
1 18 30
4 51 19
1 36 44
2 35 38
4 35 0
1 47 62
3 29 18
1 58 19
4 64 18
1 7 17
1 8 66
4 53 65
2 58 36
3 74 51
1 19 61
2 24 64
2 57 13
3 13 39
3 29 76
1 30 70
2 6 62
4 64 43
2 67 19
3 56 68
1 77 12
1 52 58
2 12 54
2 15 32
2 5 74
1 34 16
1 74 58
3 23 70
1 36 9
3 47 34
2 54 72
2 43 79
4 11 67
1 20 9
1 62 50
1 49 68
2 50 35
2 50 17
2 70 16
2 59 56
2 41 73
1 25 73
3 33 73
1 4 40
1 68 53
2 32 42
4 50 23
1 52 3
2 25 8
1 57 32
2 11 14
2 51 48
4 48 15
2 68 47
2 41 56
2 19 34
3 14 29
1 59 25
2 2 20
2 1 41
4 7 25
4 21 64
4 5 53
2 66 46
4 39 59
3 28 60
1 69 32
1 66 64
4 20 6
4 65 12
4 9 57
4 0 36
3 27 21
4 70 53
1 26 14
3 79 14
2 77 65
3 52 54
2 18 58
3 14 26
1 61 0
3 10 41
1 70 60
1 31 42
3 64 68
3 14 7
1 9 0
3 77 10
4 72 22
1 40 24
2 20 63
2 15 75
3 54 50
1 1 26
1 13 63
1 65 42
4 35 60
1 2 56
2 44 42
2 59 78
1 18 72
1 0 31
1 76 51
1 18 71
1 76 73
1 30 15
4 12 27
4 19 15
1 49 10
1 2 57
4 26 39
1 6 9
1 79 6
1 65 48
1 48 41
3 55 59
3 74 30
3 14 73
2 38 73
1 57 14
1 63 33
3 53 49
2 76 64
3 60 77
1 45 8
3 30 14
1 43 71
2 54 22
4 58 51
2 36 60
2 31 67
2 54 68
2 39 3
3 45 71
2 59 38
4 76 13
2 41 38
1 59 41
2 33 38
4 77 24
3 43 6
4 9 31
2 20 54
2 42 78
1 44 50
3 73 31
2 52 49
2 9 30
4 41 70
2 33 70
2 30 42
2 68 51
2 63 47
2 30 52
1 22 17
1 53 58
2 25 48
4 40 6
4 73 71
2 76 44
2 26 31
4 13 5
1 75 64
2 16 41
1 79 20
1 65 52
3 34 16
3 26 77
4 44 4
4 11 76
4 6 16
1 72 65
1 71 79
2 50 40
2 14 15
4 37 42
1 14 43
1 14 78
2 31 18
1 15 24
2 25 17
2 3 15
2 27 8
1 9 74
1 36 60
2 31 28
3 13 1
4 23 0
3 69 8
1 44 54
3 69 73
2 0 15
3 30 9
3 41 42
1 44 37
2 37 31
1 55 66
4 59 27
1 61 36
2 41 20
2 17 33
2 56 5
1 54 2
1 34 12
2 34 48
4 12 39
1 34 77
2 4 8
1 2 63
2 43 29
3 45 77
2 69 6
1 7 61
4 47 40
2 43 24
2 68 24
2 26 37
2 36 15
1 13 60
1 59 77
1 46 61
2 22 39
2 26 21
3 28 62
4 65 74
3 51 78
4 46 54
1 1 62
1 10 1
2 52 57
1 73 5
2 36 68
4 70 61
2 63 15
3 78 13
2 21 14
4 24 74
3 32 70
4 46 19
1 34 59
1 51 41
3 62 41
1 73 58
2 9 17
3 31 8
2 1 16
3 42 64
3 49 24
1 77 19
3 9 16
2 52 55
2 32 37
1 15 41
1 33 41
2 36 9
2 62 32
2 48 40
2 25 18
3 28 33
1 31 19
2 20 65
1 11 54
1 17 32
3 23 3
2 22 41
1 61 40
4 74 23
3 14 44
4 52 0
1 13 47
3 29 72
2 27 22
3 63 9
2 34 30
1 64 69
3 69 36
3 59 43
4 70 63
2 2 22
1 45 29
4 9 79
3 58 2
4 28 33
2 0 11
4 5 51
3 9 34
3 15 22
2 49 44
1 24 20
4 54 31
4 34 12
3 29 48
3 50 59
2 42 21
4 16 53
3 62 18
1 44 42
2 44 21
1 21 39
4 9 71
1 18 7
2 13 39
2 28 62
1 11 46
2 49 4
2 51 33
3 46 50
4 38 25
4 57 9
1 10 71
2 16 7
1 35 13
4 73 40
2 51 60
2 17 8
3 25 20
2 26 31
2 12 58
3 39 34
1 2 6
2 67 72
2 38 45
4 62 38
2 21 18
2 16 20
1 45 68
4 52 15
1 70 6
1 22 21
1 26 49
4 44 15
2 65 27
1 14 36
2 60 12
2 69 55
2 15 16
3 37 75
3 13 44
1 62 28
1 40 57
2 21 32
2 24 38
2 33 66
2 0 63
1 27 39
1 0 17
1 1 40
2 69 27
1 77 54
3 3 4
3 41 79
2 12 78
2 78 43
3 69 70
2 74 59
2 35 69
1 9 26
1 1 45
4 41 22
3 42 6
2 46 64
2 66 41
1 43 6
3 36 5
1 37 54
2 71 8
1 70 37
3 18 61
1 70 18
4 44 10
1 29 54
2 7 24
4 74 2
3 45 30
4 0 27
1 14 47
1 9 26
1 45 39
3 6 27
1 16 41
4 71 48
1 12 62
1 15 0
1 43 9
3 21 17
3 31 69
1 35 19
1 21 54
3 57 30
2 1 41
2 73 37
2 70 32
2 34 42
2 47 46
2 45 15
4 60 25
2 51 22
1 41 30
1 73 63
2 32 10
1 49 19
2 12 68
1 71 5
1 46 8
2 52 16
2 20 22
3 8 19
3 27 44
1 16 47
3 54 10
2 12 20
1 72 54
2 55 43
2 51 44
4 71 56
1 75 23
3 20 43
4 48 39
4 68 32
1 21 16
3 60 65
2 42 13
2 1 17
4 23 65
2 76 78
2 15 13
1 79 5
3 38 61
4 35 70
1 15 18
1 60 27
2 70 54
4 19 48
3 25 20
2 71 12
4 11 70
1 32 78
1 26 76
2 7 6
1 34 68
3 12 36
1 39 62
2 65 19
3 39 19
2 6 29
4 67 28
4 60 15
2 9 18
3 6 1
2 52 14
1 58 34
2 32 27
2 31 62
4 40 54
1 62 2
2 55 61
3 41 22
2 45 14
4 29 2
1 14 64
4 17 21
2 69 41
1 10 66
4 62 72
1 22 7
1 79 60
2 26 49
3 72 68
2 57 31
3 74 60
2 57 70
2 0 75
3 25 8
3 28 31
1 62 68
1 10 67
1 34 56
1 73 49
4 42 41
3 16 51
3 57 7
1 55 1
3 1 32
4 66 26
2 30 31
1 6 33
1 11 55
2 21 6
1 53 28
4 36 40
2 34 40
1 31 66
1 9 32
2 70 1
2 0 3
1 70 37
1 71 69
1 10 38
1 27 25
2 18 42
2 28 14
3 33 54
4 24 59
1 63 69
4 67 51
2 50 28
2 18 45
2 61 70
1 22 45
2 17 48
1 78 67
1 12 16
1 72 34
1 5 64
2 68 58
1 55 29
2 67 54
1 49 45
2 36 9
1 74 55
1 28 74
2 50 19
3 27 67
3 22 31
1 24 47
2 79 31
2 40 60
4 10 48
4 66 72
2 22 51
1 24 60
1 52 26
2 52 47
3 42 68
1 50 58
2 78 76
2 6 19
1 3 16
1 23 59
1 12 20
1 31 8
2 21 1
3 34 53
1 73 52
1 78 72
1 43 53
2 0 47
3 11 31
1 45 77
2 68 46
1 5 0
2 36 63
4 26 17
2 34 67
3 19 73
1 47 72
1 58 18
1 11 74
2 63 51
4 52 20
2 19 32
2 31 40
2 10 62
4 44 11
2 77 18
2 2 74
2 1 31
2 38 43
1 62 60
2 76 74
2 10 26
4 66 2
1 72 48
3 20 67
3 4 2
2 52 54
1 25 71
4 67 51
2 49 9
2 9 29
1 21 67
1 43 30
1 74 57
2 78 59
1 43 52
2 0 14
4 72 77
1 6 36
4 26 49
1 6 67
1 18 11
1 50 65
2 38 66
2 50 15
2 32 52
3 4 21
3 52 28
2 5 10
1 35 44
1 20 45
2 7 73
1 42 13
1 71 13
3 77 70
2 30 46
3 8 79
2 78 76
1 72 0
4 67 44
2 26 67
2 18 72
3 30 27
1 25 35
4 20 17
2 79 40
2 52 47
1 26 42
1 55 60
2 3 51
3 55 6
3 4 60
2 62 24
1 12 20
2 47 15
2 71 55
2 25 62
4 52 73
3 25 59
1 4 17
1 78 41
3 19 59
4 53 23
1 12 76
2 39 17
1 57 54
3 71 48
1 60 75
2 61 56
1 78 52
1 66 34
2 25 17
1 28 21
3 48 37
1 54 0
2 5 17
3 8 34
2 1 44
3 18 36
1 37 3
4 21 15
2 67 32
1 77 13
2 53 11
1 28 38
1 73 39
1 72 64
2 65 18
1 65 40
2 3 70
4 22 16
1 10 63
4 57 58
1 45 75
1 68 57
2 27 71
1 16 70
4 13 24
1 60 31
4 14 61
3 48 44
3 15 71
3 12 76
1 71 51
1 37 10
4 7 37
2 76 66
1 4 11
1 37 23
3 43 66
2 37 40
2 6 50
1 53 9
2 18 16
3 69 17
1 56 78
1 31 30
2 5 20
3 72 25
1 18 60
2 70 46
4 8 22
1 25 64
4 17 76
1 35 9
1 61 38
1 62 58
4 30 5
2 66 67
3 78 70
3 74 54
1 49 78
1 77 64
1 78 4
2 52 30
4 9 45
4 34 1
2 50 46
1 78 47
2 2 37
1 23 56
2 41 40
2 8 77
2 75 18
2 35 3
4 61 7
2 75 60
2 73 33
4 48 16
3 76 77
4 27 1
1 4 1
1 37 76
2 1 49
4 60 7
2 53 57
1 40 37
4 48 3
2 62 46
3 19 60
2 39 30
1 10 48
1 27 17
2 48 6
4 15 58
4 37 22
3 69 53
2 59 74
4 29 49
2 14 34
2 6 11
2 43 50
1 42 51
4 23 42
4 24 77
1 14 49
1 43 32
4 48 7
3 59 75
2 37 65
4 14 58
3 43 16
1 29 44
2 53 16
2 40 17
2 7 62
2 44 19
2 19 16
2 67 45
1 49 0
4 16 70
3 36 58
1 61 9
1 26 8
1 76 17
3 55 53
2 34 43
4 17 9
1 76 2
1 25 12
4 35 5
2 55 47
4 65 69
3 12 19
1 56 27
1 33 21
2 79 13
3 76 36
2 41 14
2 38 31
2 65 40
3 39 68
2 66 5
3 44 49
3 75 56
1 31 43
4 12 34
3 57 31
1 69 29
1 39 58
2 16 36
1 59 57
4 48 57
2 62 78
2 78 39
2 45 19
2 25 7
1 51 8
2 67 57
2 31 41
2 3 31
4 79 9
4 33 4
1 24 26
1 26 19
2 17 73
4 32 38
3 67 36
1 11 49
2 1 10
3 73 78
4 44 78
2 8 57
1 60 16
4 75 55
4 61 56
3 63 15
2 47 20
4 46 49
3 49 13
2 3 19
2 59 60
4 12 36
1 44 62
3 74 37
1 77 11
2 72 56
2 61 65
4 62 76
3 32 79
1 46 56
1 74 39
1 56 42
2 24 70
3 17 10
1 14 53
2 47 48
2 37 18
4 44 36
1 42 62
1 39 1
1 57 18
1 39 72
1 45 30
1 29 0
3 15 37
2 35 29
2 41 40
4 24 35
1 33 20
2 24 63
2 76 40
4 65 14
3 45 24
1 3 11
2 63 46
2 75 34
4 77 20
3 37 68
4 39 34
2 6 57
2 25 32
1 30 53
1 46 77
2 7 37
2 66 58
2 49 12
2 53 30
1 42 68
1 52 14
1 8 54
3 16 54
1 16 53
3 0 29
2 63 59
3 54 19
4 44 8
2 60 25
1 6 16
2 28 4
3 31 75
1 49 12
3 24 28
2 53 2
3 12 77
1 25 18
1 48 22
3 33 20
2 46 38
1 42 76
2 3 17
2 38 20
2 79 1
4 26 21
4 0 29
1 71 28
2 26 24
2 71 44
3 75 54
2 24 71
4 56 21
1 43 13
2 49 34
2 35 0
1 65 49
2 18 50
1 29 22
4 3 10
1 32 46
1 48 6
2 33 34
3 2 57
3 2 20
4 59 11
2 24 47
1 41 9
3 64 56
1 58 15
4 0 23
2 44 64
2 64 41
3 16 40
2 61 18
4 56 23
3 35 77
2 15 63
4 63 15
2 1 64
1 31 33
4 5 32
1 29 37
3 4 9
1 5 38
4 5 25
4 51 68
1 46 28
2 54 49
2 43 25
1 30 3
2 79 64
3 7 66
1 23 50
1 64 50
3 72 25
1 76 23
2 43 78
1 38 71
1 68 16
4 41 77
1 76 17
1 14 47
4 61 6
1 60 73
2 74 60
1 78 69
1 70 52
1 31 35
3 69 25
2 40 22
1 41 7
2 49 40
2 6 11
2 49 10
2 5 17
4 77 65
2 62 2
3 73 68
4 45 63
2 27 15
1 54 67
2 60 66
3 8 77
2 27 26
4 75 48
2 14 54
1 72 47
4 73 60
2 13 79
4 44 68
1 17 77
2 50 52
2 28 52
2 7 54
4 33 35
1 30 49
1 54 67
3 20 63
3 79 67
2 78 7
4 72 23
1 38 3
3 9 52
2 29 69
1 71 29
1 21 63
1 70 77
1 43 74
3 67 59
3 15 45
2 77 72
1 45 42
1 49 32
1 4 15
4 23 65
2 57 28
1 10 52
2 39 21
3 16 45
4 22 9
4 45 16
2 72 62
1 46 17
3 9 33
1 5 62
3 6 41
3 51 1
2 34 23
2 30 42
1 10 13
3 45 67
4 62 32
1 51 36
1 54 12
1 31 34
2 13 2
1 20 42
1 19 36
4 4 69
2 45 42
1 31 34
1 66 24
2 56 14
2 54 78
1 70 11
1 18 63
1 75 8
1 29 28
4 0 51
1 8 28
2 11 59
3 45 65
2 54 41
2 21 58
3 4 32
1 56 36
2 51 33
1 40 19
2 31 36
1 4 30
3 16 27
4 11 36
4 29 61
1 57 14
2 50 51
4 3 10
2 70 66
4 15 18
2 9 6
2 25 27
1 10 56
1 12 55
2 63 75
2 14 47
1 76 14
4 5 75
3 3 4
2 51 16
4 46 31
1 18 76
4 72 2
3 77 56
2 53 11
4 29 54
2 22 20
2 78 36
2 2 19
1 76 3
4 3 23
1 73 75
1 65 67
1 33 52
2 22 59
4 5 19
4 58 20
1 60 28
1 1 48
1 26 1
2 10 1
2 79 51
1 34 53
2 50 58
2 38 34
2 39 8
4 30 23
2 46 1
2 51 73
2 19 11
1 2 17
2 17 42
3 13 39
2 6 15
2 14 3
1 65 67
1 58 78
1 79 50
1 39 22
3 1 9
1 50 23
2 16 55
2 0 74
3 4 47
1 38 74
3 36 78
1 13 45
1 3 74
3 1 22
4 66 54
1 14 61
1 23 17
2 23 28
1 23 32
2 43 2
2 73 62
4 33 79
1 41 33
3 9 5
3 79 33
4 59 51
3 78 44
2 64 55
4 41 38
2 3 6
4 51 56
2 79 23
2 1 79
2 22 73
4 65 6
3 22 47
2 57 19
2 16 27
2 18 16
4 23 43
1 21 66
1 8 40
1 10 14
3 49 18
4 65 13
2 78 1
2 41 10
2 2 11
2 53 2
1 26 55
2 21 24
1 64 1
3 12 68
1 74 20
1 13 45
1 75 25
2 12 45
3 63 38
2 65 25
2 57 41
1 72 70
4 13 72
1 22 74
1 38 2
2 40 58
1 70 77
3 62 9
2 31 53
1 65 76
4 42 67
4 28 63
1 3 57
2 73 2
2 37 13
2 61 17
2 78 20
2 75 35
3 28 54
1 11 20
4 75 18
4 32 38
2 29 57
2 36 1
4 12 39
3 38 47
1 75 12
4 32 76
2 16 64
1 34 4
4 12 50
2 8 28
1 41 22
3 8 32
3 23 41
1 58 42
4 32 11
3 51 8
4 68 41
1 50 26
3 14 58
2 7 28
1 42 25
1 75 52
2 33 3
1 75 63
1 39 10
1 27 25
1 48 70
4 45 18
4 8 41
1 5 65
2 52 20
1 21 46
2 62 5
2 32 70
2 61 56
3 3 76
2 49 27
1 30 44
1 69 25
2 76 25
2 28 6
2 48 31
2 28 64
4 54 15
1 12 47
2 13 73
2 40 8
4 29 0
4 62 60
2 9 50
2 47 1
2 6 46
3 76 74
3 27 53
2 12 14
4 24 79
2 60 19
3 63 46
4 51 45
2 51 72
3 78 46
4 51 60
3 26 74
2 0 36
1 40 76
4 70 20
2 45 20
3 63 12
4 39 28
4 3 36
2 37 23
4 55 22
4 60 65
3 36 32
1 30 13
3 31 35
4 41 69
4 41 63
3 58 45
2 51 62
2 31 15
4 32 28
3 14 63
2 42 3
1 46 59
1 23 70
3 0 43
1 60 75
2 64 23
2 70 10
1 19 51
4 25 67
2 41 5
2 17 62
3 72 65
4 28 29
2 39 17
2 1 47
1 58 55
4 69 22
3 27 77
2 10 54
1 28 10
3 30 57
3 57 19
1 32 54
4 10 19
1 13 14
2 26 58
2 59 71
2 3 79
3 0 15
2 35 31
2 18 1
3 7 6
2 15 43
1 26 64
3 29 40
1 26 55
4 50 45
2 13 73
2 43 37
1 60 72
1 43 8
1 6 5
2 10 39
3 74 13
3 69 10
2 55 8
1 29 31
3 30 37
1 67 20
4 22 45
1 48 34
3 23 52
1 14 35
3 78 13
4 0 41
2 62 11
4 62 35
4 10 79
4 79 54
2 62 8
1 17 52
4 38 49
1 44 73
4 6 13
1 49 14
4 12 36
1 7 44
2 53 47
4 39 16
3 64 78
2 74 54
2 9 61
4 69 9
4 17 9
2 43 21
4 61 8
3 73 52
2 69 46
3 7 5
1 54 31
4 20 17
1 71 64
3 33 57
1 34 32
4 50 53
3 55 7
1 1 54
1 69 7
1 28 41
4 6 42
3 1 69
1 72 31
2 2 48
2 53 22
2 72 18
2 6 18
4 28 5
1 17 36
3 34 63
1 77 55
1 54 61
4 22 25
3 79 11
2 24 25
2 3 0
4 53 22
1 0 64
1 60 56
1 33 64
3 27 66
1 10 24
2 62 7
1 36 43
2 72 61
2 73 12
4 23 5
2 55 8
2 48 52
4 62 6
3 42 75
3 5 45
2 42 73
3 12 7
4 27 65
3 13 65
3 74 23
2 52 16
2 37 70
3 44 68
3 21 27
2 73 68
2 31 21
2 28 35
1 10 3
2 55 42
1 35 16
1 65 36
3 79 44
4 37 43
1 20 63
1 76 34
1 39 54
3 2 34
2 34 49
3 31 24
4 22 34
1 68 59
4 37 60
1 9 22
1 21 79
2 51 43
1 26 79
4 52 9
2 49 72
1 45 48
2 22 62
3 65 54
4 51 49
2 75 71
4 77 67
2 77 12
1 4 77
2 58 22
3 23 9
4 4 13
3 55 22
4 29 23
2 23 36
3 75 8
1 11 29
1 70 35
2 16 39
1 19 67
1 67 22
4 27 69
3 30 56
1 33 42
4 44 46
1 61 59
1 21 75
2 67 2
1 19 3
1 61 71
1 1 55
1 36 75
2 8 11
1 0 28
1 35 79
2 40 42
1 75 37
1 74 62
2 44 47
4 59 57
3 73 67
2 47 16
3 0 11
2 59 25
2 43 11
3 29 62
3 48 26
4 29 53
1 36 58
1 46 33
3 29 4
2 69 19
4 13 48
2 34 58
4 46 19
1 6 17
2 7 26
2 17 7
1 21 19
3 65 6
3 69 25
2 7 20
1 44 23
4 67 76
2 75 0
1 33 55
2 14 1
2 62 72
2 14 79
2 76 45
3 28 77
4 66 23
2 65 64
4 69 56
3 70 31
3 44 13
2 18 79
3 67 12
4 42 15
1 67 21
2 23 37
3 26 48
4 22 47
3 27 23
3 17 5
2 50 28
1 29 12
2 26 31
3 51 4
4 60 75
1 49 17
2 48 29
1 22 73
1 45 26
2 69 64
1 12 5
4 53 43
1 43 69
2 52 60
1 17 73
4 24 40
4 29 64
1 58 17
2 78 30
2 8 54
2 40 78
4 21 4
4 20 48
3 70 5
1 60 64
2 65 77
1 26 39
2 0 18
3 38 25
2 39 58
2 20 58
1 25 32
1 39 65
2 73 30
1 26 11
1 59 16
2 58 42
3 67 18
3 44 53
2 36 68
1 27 68
2 9 46
4 74 24
1 51 79
4 28 11
1 16 17
2 58 13
1 22 61
1 9 37
4 2 41
2 43 79
1 57 54
1 20 40
1 58 19
3 14 69
3 53 54
4 19 47
1 1 29
3 28 35
2 74 65
3 46 54
4 13 2
3 73 3
3 18 64
2 29 49
3 13 8
2 16 56
4 60 68
1 54 12
4 74 5
1 16 6
1 42 37
3 30 68
3 35 67
3 59 2
1 16 26
1 30 28
2 14 53
4 39 45
2 66 24
4 77 40
1 0 21
1 69 68
1 1 68
3 36 9
2 33 19
2 55 48
1 73 26
1 20 52
1 6 4
2 38 76
2 66 7
3 29 74
4 3 50
1 25 26
2 57 62
4 49 2
4 20 16
1 9 49
1 66 21
3 30 14
4 63 79
1 41 36
1 5 1
2 1 55
1 65 14
2 26 51
2 26 30
2 29 41
2 59 44
3 20 2
2 58 62
1 20 9
1 48 72
2 8 43
1 27 30
3 53 28
1 53 78
2 74 60
1 32 60
4 76 62
1 12 11
2 36 57
3 3 14
3 48 20
3 5 3
2 62 34
2 25 45
2 14 41
2 43 26
3 65 33
2 8 63
2 60 68
2 0 69
1 2 25
1 31 62
1 0 67
3 46 11
4 19 30
1 11 23
1 7 32
4 66 71
1 12 54
1 41 1
1 42 2
1 46 60
1 49 48
1 37 60
1 67 0
1 2 14
2 36 18
2 5 50
2 54 28
1 78 4
1 67 40
1 27 5
1 19 77
2 48 65
1 36 48
1 45 71
3 32 64
1 62 32
3 68 78
2 59 19
2 13 8
1 57 23
4 24 58
1 38 17
3 55 3
3 5 61
2 50 5
4 79 61
1 6 0
1 32 2
3 44 72
2 59 53
4 11 56
2 69 7
1 26 63
2 40 28
1 42 22
2 68 78
2 65 17
1 4 6
1 46 4
1 42 8
3 77 22
3 36 49
1 50 35
2 32 47
3 8 63
1 4 74
2 36 73
3 42 48
1 31 61
2 71 59
2 44 23
3 4 19
2 38 45
2 52 66
1 19 17
3 20 58
4 67 62
4 51 31
1 24 64
1 32 30
4 15 27
4 76 9
1 4 32
1 19 12
1 32 24
3 67 42
4 37 19
2 8 68
4 60 69
2 9 74
2 16 46
4 10 69
1 64 65
2 10 71
1 73 2
3 47 76
1 22 10
3 7 78
2 53 46
3 9 72
2 76 55
2 55 50
2 39 27
3 48 30
3 41 59
1 55 37
1 79 66
2 5 48
2 50 48
1 19 78
1 71 12
2 14 22
2 50 47
2 8 21
4 64 30
1 50 51
1 79 48
1 64 31
2 50 55
3 74 58
4 65 79
4 17 40
3 9 59
2 28 22
2 38 55
2 58 1
3 19 41
4 76 42
4 57 2
3 67 11
2 63 68
2 56 28
1 8 17
4 24 35
3 24 78
2 38 50
4 12 67
3 10 67
3 72 50
4 38 22
1 27 19
1 27 66
2 31 14
3 39 42
1 48 63
1 59 2
3 75 34
1 64 25
2 68 13
3 12 26
2 27 77
4 69 50
3 45 62
1 71 70
3 36 73
1 10 11
3 61 23
1 48 0
2 13 45
2 0 35
3 29 54
2 5 70
3 46 15
2 18 41
4 16 65
1 22 30
1 60 2
3 68 5
1 60 35
1 73 76
4 8 24
3 17 23
2 74 78
4 22 77
1 78 68
3 70 76
4 54 40
2 50 25
3 18 39
1 23 76
2 9 64
3 2 13
2 60 1
4 21 8
2 76 45
1 54 7
3 45 0
1 33 56
3 31 36
2 72 78
3 19 59
1 57 60
3 32 65
3 71 16
4 47 67
2 37 59
1 30 63
3 12 78
1 46 34
2 70 74
1 20 30
3 65 31
4 77 35
4 19 51
2 27 15
1 49 60
2 30 13
1 24 4
1 79 57
4 56 21
2 32 63
1 68 44
3 12 40
4 31 15
1 3 10
2 23 49
1 73 2
1 76 68
4 1 32
1 29 26
3 26 43
2 13 30
2 1 25
2 2 17
1 59 48
1 55 50
2 45 78
3 44 60
1 79 44
4 39 9
1 12 23
4 71 56
1 17 78
2 44 79
3 66 24
1 56 78
1 58 40
2 7 55
2 76 60
3 56 53
4 24 46
1 73 62
2 17 45
3 35 16
1 71 22
4 47 14
1 43 27
2 54 73
4 65 59
4 52 62
1 43 58
3 10 53
2 40 48
3 28 18
2 50 17
2 8 16
2 60 19
1 0 58
1 4 18
4 66 60
1 16 15
2 67 72
1 64 14
2 35 79
1 62 0
4 40 54
2 36 11
2 76 9
1 51 49
4 69 6
3 36 11
2 67 62
4 45 36
4 33 23
2 49 56
1 32 71
4 55 10
1 30 46
2 79 42
3 78 17
4 31 4
4 75 14
1 55 45
1 52 17
3 71 70
2 64 41
1 67 75
3 6 77
4 31 10
2 62 19
4 1 28
3 21 72
1 27 52
1 59 49
3 71 76
2 71 24
3 72 14
3 0 13
3 62 46
4 75 69
1 18 40
3 23 12
2 66 2
1 35 71
4 9 23
4 44 39
1 13 75
2 7 37
2 73 2
4 7 5
2 12 33
2 12 28
2 32 13
4 11 62
3 17 5
2 23 65
4 33 48
4 54 56
1 64 18
4 41 54
2 63 2
2 46 40
4 47 32
2 63 77
3 14 7
1 76 73
1 61 28
1 78 17
3 11 14
1 32 57
1 28 65
1 0 62
2 3 71
1 41 18
1 1 17
4 23 33
2 72 75
3 70 36
3 64 67
2 52 74
2 71 9
1 6 40
1 13 45
1 43 34
2 15 57
1 1 78
2 6 14
4 30 1
2 20 47
3 26 30
4 37 75
2 60 34
1 9 1
4 26 7
2 74 35
1 29 0
4 3 28
3 34 18
1 62 72
2 4 32
2 18 32
2 20 72
3 26 3
1 41 66
2 2 30
1 70 48
3 14 69
4 8 32
4 39 36
2 44 46
2 38 79
3 19 74
1 79 11
1 25 59
3 64 74
1 40 38
2 73 41
4 58 36
3 17 54
1 23 41
2 75 64
4 39 46
1 14 73
1 43 29
4 40 2
3 0 79
2 78 2
1 60 31
3 72 3
3 24 50
1 69 39
1 38 2
1 57 29
3 56 27
4 53 32
2 32 5
2 43 50
3 10 59
2 37 42
4 21 29
1 50 30
1 73 43
1 28 20
2 79 46
3 60 24
3 74 33
2 47 64
1 14 6
2 41 63
2 33 71
2 46 20
2 76 30
4 2 67
1 26 29
2 6 5
4 67 43
2 41 6
1 26 20
3 40 63
2 54 59
2 72 74
3 43 22
3 15 16
1 31 52
4 78 20
2 56 15
4 56 44
1 19 7
4 59 10
3 19 76
2 2 43
1 23 13
3 4 45
2 73 17
4 45 44
3 54 58
4 9 35
1 22 55
2 7 9
1 10 34
3 28 5
2 66 17
1 58 23
1 59 37
2 68 1
1 63 9
4 26 11
2 0 28
4 8 68
1 70 17
1 67 66
4 24 47
2 14 22
3 70 58
3 72 0
3 12 23
1 74 41
4 65 22
1 79 56
3 76 3
1 60 59
3 75 70
1 17 50
1 76 73
4 26 2
2 72 71
3 5 60
1 34 2
2 20 2
1 8 48
1 4 52
2 38 62
4 13 11
4 57 25
1 32 53
2 14 56
1 15 49
4 2 72
3 38 7
3 44 76
3 47 71
1 15 39
3 43 34
4 14 50
2 72 25
3 22 75
3 60 37
1 72 25
2 43 47
2 78 67
2 22 75
1 56 14
2 11 31
3 15 51
3 45 66
4 79 25
1 31 3
2 34 68
3 16 38
2 1 43
3 24 2
2 13 9
2 66 36
3 49 58
1 25 49
1 51 79
4 28 25
2 66 28
2 46 42
2 46 16
1 22 31
2 53 48
2 77 64
2 2 35
2 45 78
4 35 49
4 65 57
2 39 26
1 55 51
2 16 64
2 61 59
4 43 7
4 10 46
1 4 60
3 69 16
1 58 21
2 35 7
1 13 22
1 15 30
2 19 36
4 59 51
2 61 55
1 64 42
2 33 77
2 76 3
4 52 46
2 44 22
2 58 21
2 58 40
1 36 47
4 13 21
2 63 28
3 22 65
4 7 41
2 12 34
4 57 24
1 68 34
4 37 61
1 20 8
2 53 12
4 20 8
3 15 41
2 75 24
1 4 6
2 22 25
4 26 45
4 36 14
3 41 50
2 47 69
4 65 61
4 8 21
2 39 8
3 49 13
2 3 45
1 42 7
1 31 34
1 16 4
2 14 18
2 33 14
2 76 0
1 39 64
1 46 18
1 56 17
4 35 67
1 17 35
4 44 72
1 56 18
3 18 72
1 60 45
4 31 72
1 47 40
1 59 49
2 32 28
2 17 30
4 2 52
4 53 49
3 38 16
1 7 61
2 5 26
2 24 21
3 29 32
1 40 55
2 51 33
2 11 35
4 14 43
4 79 6
1 65 38
3 68 41
2 40 43
4 8 58
3 4 69
2 3 21
2 30 35
4 60 35
3 27 0
4 52 64
4 36 10
4 35 45
2 62 61
4 55 12
2 1 24
3 60 23
4 13 16
1 22 9
4 7 54
2 67 63
2 45 73
2 10 21
1 23 2
4 22 55
4 69 23
2 66 79
3 8 14
2 77 68
2 63 32
1 10 43
1 31 30
2 77 39
4 17 5
4 28 51
4 64 43
2 32 22
1 66 25
2 61 34
1 43 63
1 28 7
1 49 2
2 15 40
2 11 14
1 37 65
3 10 67
3 70 44
1 48 64
2 26 31
2 26 16
4 49 33
2 5 10
4 64 11
1 9 20
2 16 76
2 68 4
1 21 68
2 78 23
1 20 6
3 77 13
4 76 4
1 37 25
2 32 35
3 46 25
2 9 55
1 6 29
4 50 5
1 70 23
3 65 7
1 55 25
1 69 71
4 10 23
1 25 28
1 24 10
4 31 23
1 17 60
2 32 22
2 23 38
2 74 77
2 68 1
2 67 44
3 66 1
4 41 12
1 21 65
3 52 44
4 1 58
3 2 56
1 57 10
2 15 46
1 62 50
2 74 67
3 40 48
2 34 37
1 4 56
3 57 71
4 26 58
2 79 19
2 75 26
3 51 29
2 36 58
2 8 57
2 46 53
2 24 75
2 56 16
1 47 35
2 11 75
2 33 36
1 4 21
3 32 64
4 34 19
2 47 25
2 41 42
3 36 44
1 33 57
2 58 15
3 4 52
1 76 22
1 18 25
2 75 76
3 66 36
1 48 14
1 63 79
4 79 76
4 21 32
3 10 8
2 6 20
2 49 14
2 60 75
1 27 8
2 14 65
2 75 31
1 7 21
4 16 35
4 36 49
4 0 60
4 16 3
1 73 56
3 7 10
1 33 24
1 14 12
1 32 28
2 70 61
2 34 8
4 44 18
2 9 41
1 18 60
2 0 4
1 62 28
2 68 25
4 72 77
1 73 75
1 28 71
1 67 51
1 31 40
3 16 7
4 32 72
3 17 48
2 71 11
1 37 43
2 18 39
2 8 9
4 26 30
1 5 57
4 59 8
2 70 15
1 4 53
4 11 28
1 31 64
1 37 20
2 70 24
1 74 62
1 28 79
1 76 37
2 79 1
2 13 30
1 23 24
2 46 67
2 67 29
2 54 39
2 31 38
2 38 65
3 78 4
3 24 0
3 66 39
1 69 52
2 56 4
4 73 13
4 4 18
1 18 7
2 36 20
3 63 11
1 7 17
2 36 62
2 27 40
2 62 12
1 12 7
2 69 59
4 26 41
1 3 21
2 79 26
1 61 18
2 53 6
1 25 38
4 10 76
1 33 39
4 27 30
2 14 36
1 56 63
1 47 31
1 15 46
3 72 15
2 35 22
2 17 0
3 48 28
1 34 71
4 16 28
1 3 42
4 24 41
1 5 3
2 62 48
4 9 39
1 56 43
1 77 48
2 39 38
4 73 79
2 45 22
4 1 38
2 37 59
4 41 20
2 4 61
2 70 44
2 78 68
4 14 10
1 16 22
2 9 50
1 35 40
4 58 15
3 67 64
3 32 79
1 43 9
1 40 22
2 18 73
2 68 61
1 5 55
2 46 79
1 11 24
4 4 15
2 67 24
2 7 62
3 42 46
4 49 21
3 58 9
2 51 79
1 48 19
1 42 74
2 78 52
1 68 38
1 76 40
1 44 74
1 36 66
3 79 69
1 11 56
3 31 35
2 23 5
1 68 59
4 35 13
3 8 61
2 53 22
3 67 38
1 70 32
1 47 51
2 58 15
1 53 69
1 24 5
3 20 32
1 66 14
2 11 71
1 26 51
1 75 30
1 70 38
1 46 52
4 25 56
4 9 22
2 52 66
2 11 77
2 8 13
3 18 24
1 9 59
2 66 2
2 4 9
1 25 0
4 51 19
2 50 55
1 14 30
2 27 24
1 55 51
3 76 77
2 74 43
4 0 63
2 74 54
4 9 15
2 29 67
3 23 38
1 67 0
1 50 79
4 46 66
1 21 70
4 70 49
3 20 8
1 75 55
2 2 8
2 53 35
3 36 69
4 35 7
1 56 34
3 39 69
1 46 33
4 43 23
4 65 51
3 67 6
2 45 68
1 17 38
2 68 4
1 30 53
4 31 71
1 71 15
3 36 64
2 25 78
2 0 23
1 49 17
1 61 5
2 47 26
4 72 73
3 23 60
2 52 51
4 34 63
1 58 31
2 78 43
2 34 66
2 77 54
2 19 76
2 71 35
2 53 79
3 12 0
4 21 29
3 19 61
1 11 73
2 65 4
2 55 57
4 38 51
2 51 37
3 72 56
1 34 59
2 48 70
4 42 1
4 19 78
2 33 24
1 50 71
1 8 14
1 73 62
2 60 17
1 21 34
2 45 12
2 31 73
2 74 26
1 62 15
4 67 73
1 49 73
3 27 30
2 53 74
4 72 25
1 66 3
2 55 48
4 76 67
2 64 29
2 72 10
2 29 34
2 69 48
2 78 7
1 28 33
1 50 76
3 68 56
2 53 23
1 21 10
1 13 38
2 11 79
1 23 69
1 60 51
2 36 54
3 60 20
2 65 49
1 51 19
1 14 17
1 64 78
1 57 34
2 8 39
1 62 9
2 30 19
2 14 60
3 78 79
1 63 44
3 31 42
4 19 0
2 3 47
2 57 73
1 38 39
3 15 4
2 36 46
1 24 25
4 68 46
2 28 14
2 69 45
2 28 45
1 49 55
1 34 26
1 53 51
3 74 29
4 15 38
1 55 51
2 39 77
4 37 56
4 0 20
1 77 64
2 20 5
1 49 37
2 31 16
2 0 54
2 68 42
3 77 51
2 68 27
1 19 35
3 36 12
2 4 12
2 56 14
4 62 34
2 42 71
2 23 11
3 48 64
4 30 42
2 28 10
2 65 48
1 14 13
1 18 33
1 23 16
1 48 37
3 11 3
1 5 65
2 52 34
1 36 18
4 56 74
2 21 19
3 46 72
1 15 11
1 59 73
1 23 26
3 54 35
1 17 78
4 47 42
1 28 72
2 32 4
3 69 10
1 11 6
4 61 66
2 15 58
2 20 72
2 28 16
1 22 69
3 52 4
1 77 71
2 71 2
1 26 5
3 29 79
4 6 38
1 62 47
3 43 60
2 48 0
1 11 69
1 27 39
1 60 63
2 31 53
1 73 2
1 66 2
3 78 19
1 77 11
4 47 4
2 9 34
1 27 76
4 24 27
4 41 46
2 42 23
2 58 54
4 40 75
4 17 58
2 0 10
2 24 22
3 60 34
1 12 60
2 24 79
2 55 59
4 60 14
1 21 39
2 54 46
3 78 68
2 49 72
2 17 21
1 48 43
1 36 65
1 58 8
2 40 79
3 48 54
2 2 37
2 0 75
2 36 74
2 58 40
2 13 68
2 34 54
4 16 26
1 21 68
2 37 15
2 67 40
1 6 42
1 61 71
4 70 64
2 39 37
4 14 37
2 63 0
1 48 59
2 22 14
2 72 74
1 22 21
3 28 14
1 0 57
1 30 50
3 58 0
1 6 0
3 22 50
2 16 29
2 0 11
3 25 2
2 18 16
2 67 8
2 3 45
1 4 11
1 37 53
2 64 74
3 10 41
1 79 57
1 39 63
2 30 63
4 43 5
3 34 7
2 21 74
4 21 13
3 21 76
1 59 4
1 75 11
3 55 43
1 67 79
2 65 72
3 9 20
2 4 23
1 3 26
2 34 8
3 42 55
2 49 47
2 30 52
2 30 49
2 72 68
1 13 41
4 74 50
1 54 61
4 67 4
2 41 56
2 19 66
3 44 60
2 58 4
1 42 56
1 63 18
1 64 55
2 73 65
2 22 27
2 40 27
4 44 65
1 57 22
1 32 69
2 76 60
3 38 70
4 14 26
2 25 12
3 72 67
3 40 42
1 1 62
3 60 51
1 12 58
2 69 73
2 23 59
2 44 45
4 79 75
3 50 18
2 17 3
2 53 28
2 26 11
3 22 47
2 43 77
1 70 28
2 58 29
1 8 73
3 41 32
4 15 22
4 6 16
2 28 21
2 4 60
1 67 65
4 40 50
2 33 77
1 43 20
2 36 14
1 0 40
3 50 33
1 13 57
1 15 51
3 28 15
2 32 6
1 75 25
2 27 51
2 27 77
1 32 67
1 66 43
2 75 3
4 40 75
2 14 27
1 15 69
1 20 7
1 12 50
4 54 50
2 4 79
2 36 26
2 52 75
2 35 11
2 16 13
1 41 62
2 41 60
2 30 60
1 36 30
2 50 35
2 54 34
2 28 15
4 72 15
4 77 2
1 43 13
1 44 69
1 67 34
2 69 55
4 72 50
2 36 19
2 50 30
2 31 32
2 30 56
3 32 41
2 25 29
1 73 50
1 70 53
4 47 65
1 30 15
3 38 37
1 28 42
4 1 34
1 27 54
3 33 37
2 14 58
4 41 15
4 10 2
2 53 40
1 54 37
1 51 22
1 68 73
1 62 38
4 15 70
2 57 77
1 58 5
2 23 69
4 27 71
1 0 46
2 46 71
1 56 22
2 74 64
2 34 21
2 34 16
2 67 51
1 15 2
2 65 56
1 6 39
4 50 28
2 69 7
2 15 71
1 72 76
3 71 28
2 70 24
3 68 37
3 44 48
1 9 50
1 3 25
2 54 55
4 20 43
4 63 70
1 71 47
3 54 2
4 65 31
1 68 13
1 30 36
3 36 49
1 16 12
3 30 9
3 27 28
3 42 68
3 8 65
2 35 45
1 30 47
2 22 1
4 72 67
2 66 48
2 43 30
2 30 10
2 22 28
1 19 33
1 16 31
3 12 41
1 27 2
4 19 17
1 70 43
3 43 29
2 3 66
3 55 24
2 0 28
1 70 62
2 72 15
1 3 46
4 74 69
4 20 7
4 7 48
3 78 54
1 32 6
1 58 15
3 19 53
3 62 33
2 54 22
1 5 33
2 78 10
1 19 53
1 15 13
1 58 78
2 79 17
2 41 18
2 31 74
1 36 63
1 53 14
3 7 60
4 35 47
2 33 52
2 34 30
2 6 12
1 72 10
2 18 79
1 43 28
3 23 37
1 17 77
1 5 78
2 52 24
1 29 43
1 9 40
4 9 74
3 18 59
3 27 34
4 0 47
2 37 4
2 17 54
2 2 59
1 74 1
1 14 5
4 12 38
2 35 22
3 26 54
4 11 6
3 67 0
2 53 66
4 70 30
2 78 55
4 15 52
1 58 24
4 27 14
1 10 24
1 25 53
3 27 36
4 41 65
3 4 15
4 66 46
2 70 29
2 17 64
3 64 55
1 20 33
3 9 3
3 66 58
2 48 9
1 77 57
2 68 14
4 11 35
1 3 35
4 53 17
2 72 66
2 50 19
1 32 5
1 78 21
1 15 52
4 42 33
2 22 4
1 48 5
3 64 57
2 11 47
1 74 8
1 79 32
1 41 14
4 52 48
3 4 50
1 13 1
2 64 38
1 51 64
1 30 31
2 18 70
1 79 26
2 44 72
1 17 60
4 50 32
1 18 67
4 63 62
4 54 51
2 54 71
1 7 35
1 28 39
1 15 67
3 59 24
3 59 6
3 25 51
4 8 47
1 31 12
1 4 27
2 76 35
4 38 27
1 67 4
1 23 66
2 12 64
4 34 32
4 50 40
2 79 29
2 25 35
2 41 34
2 73 27
1 79 63
2 35 53
2 11 24
3 23 56
1 62 79
1 63 40
1 54 5
2 28 67
1 6 28
2 46 26
4 23 46
4 7 42
4 0 60
1 16 18
2 53 10
2 15 33
2 54 8
4 45 37
2 34 40
2 28 65
4 61 7
3 44 1
3 39 40
2 55 48
2 54 77
1 67 8
1 66 74
1 4 57
1 25 14
4 6 35
2 23 10
2 73 1
4 70 13
1 5 10
3 40 61
1 79 30
4 64 30
2 54 19
2 74 7
2 45 15
1 79 22
1 42 24
1 30 56
3 77 71
4 42 57
3 66 63
2 49 55
2 14 36
2 54 64
3 9 40
3 25 14
2 33 76
4 23 3
2 4 51
1 53 56
1 8 44
1 73 39
4 14 34
2 7 68
4 17 41
2 50 10
3 9 34
1 56 3
2 41 19
2 63 40
2 6 77
1 49 77
2 68 18
3 1 50
1 12 72
3 57 73
3 66 3
2 43 18
1 30 54
2 72 13
1 67 52
4 17 8
1 31 44
1 48 50
2 51 69
1 71 58
2 57 18
3 42 69
1 74 71
4 29 55
2 3 46
3 60 14
3 35 60
2 44 19
1 8 52
4 45 41
1 69 7
2 7 60
3 11 51
1 10 21
1 38 10
1 71 42
3 64 10
2 49 16
2 3 33
2 11 73
2 62 75
4 32 27
1 37 25
2 36 55
4 8 75
1 65 44
3 39 77
4 34 30
1 35 20
4 76 65
2 59 65
3 6 26
1 57 13
2 33 47
1 34 33
1 75 70
1 35 31
2 72 78
3 35 30
1 58 40
2 29 49
1 0 43
2 75 44
2 35 31
2 26 45
3 8 78
2 43 63
1 26 37
2 64 53
3 5 67
1 40 69
4 28 39
2 7 43
4 57 28
1 68 20
1 7 44
1 67 14
1 36 17
2 51 64
1 56 33
1 8 36
2 19 52
1 0 10
4 29 27
1 21 19
3 57 51
2 39 66
3 46 23
3 32 56
1 6 48
2 20 57
2 49 35
2 72 15
3 75 38
4 16 77
3 50 75
1 66 23
1 31 48
2 52 69
2 52 39
4 3 29
2 73 18
1 31 25
2 16 69
1 68 33
4 50 9
2 75 44
2 32 20
3 59 35
4 30 45
2 36 54
2 32 35
4 61 78
1 31 57
2 64 2
2 72 66
2 40 23
2 79 72
2 51 75
3 17 37
2 55 42
3 17 77
1 18 52
4 12 20
4 55 60
2 43 75
3 16 39
1 65 25
1 14 1
4 25 39
3 62 44
2 1 23
2 3 62
2 56 24
1 67 5
4 34 12
2 16 33
3 54 52
3 20 55
3 75 71
2 59 60
2 11 17
2 6 43
1 68 30
3 28 63
1 14 45
2 7 55
4 21 69
1 32 16
3 31 58
2 51 72
2 49 21
1 20 72
2 36 44
1 26 0
2 22 6
4 21 55
2 43 52
2 7 61
2 75 52
2 59 0
1 51 1
1 36 37
2 77 9
1 46 21
2 15 24
1 18 25
2 30 43
2 24 47
2 49 0
2 29 27
2 20 71
2 1 27
2 54 43
4 20 33
3 51 79
2 2 45
4 59 17
3 47 71
4 15 3
1 24 0
4 53 5
4 66 50
1 57 54
1 50 67
1 62 3
4 7 77
1 44 74
3 46 7
3 8 33
4 48 0
4 76 52
4 37 79
4 74 54
3 34 66
1 68 63
3 30 45
3 74 11
2 22 63
4 17 66
1 71 77
2 15 55
3 1 11
2 55 77
4 72 53
2 60 66
2 60 16
3 23 10
4 58 32
3 67 50
1 38 44
4 18 22
2 44 1
3 28 43
1 62 63
1 6 33
2 30 66
3 56 27
3 37 20
1 43 63
2 30 41
2 62 50
1 24 18
4 33 3
2 70 21
2 57 77
2 4 61
1 17 2
2 33 8
1 52 64
4 75 15
2 54 0
1 58 62
2 12 5
1 12 8
1 31 36
3 44 1
1 9 26
1 40 8
4 44 22
1 16 73
1 32 41
1 39 6
1 41 43
2 56 10
1 0 2
1 17 43
4 19 67
2 51 39
3 47 19
4 48 50
3 77 23
3 49 18
1 24 37
4 43 75
2 70 43
2 45 0
1 28 79
1 7 63
4 18 67
1 1 24
3 10 39
1 47 3
2 26 18
4 29 71
2 68 65
1 75 10
1 42 34
2 57 52
2 8 79
1 37 67
2 46 26
3 34 57
2 0 78
2 30 48
1 34 18
2 73 69
2 14 76
1 8 13
2 44 66
2 77 46
2 0 28
2 21 68
2 79 24
4 51 48
2 36 20
2 21 3
4 69 5
3 36 26
2 47 42
2 22 48
4 33 26
3 76 40
3 8 25
2 44 29
2 72 28
1 43 73
1 36 55
2 57 4
1 18 40
1 43 30
2 38 15
1 30 76
4 58 39
3 41 63
2 61 74
3 72 36
3 23 48
1 57 65
4 66 71
1 62 29
4 61 39
4 26 77
2 5 12
1 47 14
2 13 39
2 64 7
1 11 71
3 66 35
1 29 0
3 71 41
1 78 6
2 77 43
1 27 3
2 12 34
1 25 68
1 64 39
4 76 64
1 16 51
4 55 62
3 50 53
1 5 6
4 14 54
2 47 25
1 1 51
3 28 69
1 67 8
4 5 49
1 32 35
3 37 43
2 37 73
1 8 34
2 49 4
3 68 59
2 3 30
2 28 66
2 27 70
1 67 0
4 36 20
2 60 76
1 45 24
2 55 15
2 19 33
2 6 68
1 25 71
2 45 6
2 15 55
3 58 17
1 4 7
2 3 48
2 9 0
3 73 16
1 19 60
3 29 54
4 14 7
2 62 55
1 24 10
1 78 63
4 76 50
2 35 44
4 18 9
3 9 15
3 57 27
1 43 68
1 75 27
2 10 24
3 23 45
1 16 41
1 67 11
4 44 19
4 43 22
2 65 21
2 19 51
2 17 1
1 52 12
4 2 9
3 69 2
1 33 24
2 16 49
3 55 77
1 39 23
2 56 27
2 18 48
2 22 37
1 54 3
2 23 51
4 55 46
1 48 31
1 48 62
1 31 40
3 63 6
1 52 5
2 42 40
1 61 71
2 1 61
1 56 70
4 25 54
2 61 15
4 79 61
2 29 25
1 69 25
3 22 67
1 49 76
3 71 77
2 0 63
2 54 59
4 69 51
1 45 13
1 77 73
2 20 39
1 26 2
4 59 35
1 52 45
2 56 21
1 54 37
2 42 59
1 57 24
2 0 44
2 69 49
3 16 10
1 5 76
2 24 43
3 25 0
2 18 28
2 21 51
1 14 53
4 73 22
3 59 72
2 39 29
3 40 9
1 42 29
2 47 37
4 12 59
2 12 34
4 34 48
3 25 66
1 16 55
4 3 21
4 18 48
1 69 79
1 61 53
4 66 6
1 59 75
2 35 31
3 6 0
2 46 9
4 1 4
3 49 31
1 56 12
3 50 48
2 52 33
4 28 72
1 19 62
2 71 11
3 22 15
3 27 59
1 14 42
4 7 67
2 78 61
3 79 73
4 1 53
1 56 63
4 50 59
1 35 0
3 37 65
1 73 20
3 26 55
2 20 54
1 14 21
4 35 61
4 57 14
1 69 73
3 2 36
3 55 56
1 78 5
3 43 58
1 58 23
2 22 28
4 0 42
2 8 70
4 13 59
1 26 63
3 32 11
4 30 40
1 5 45
2 8 41
2 49 34
1 73 13
4 18 33
1 54 3
2 74 44
1 17 67
2 66 25
3 56 51
2 67 5
2 51 18
3 27 24
2 27 66
2 37 23
4 36 71
1 56 54
1 67 35
4 35 36
2 74 52
4 39 7
2 78 30
2 47 31
3 62 8
1 12 64
3 29 56
1 47 45
4 73 59
2 54 43
4 67 31
4 70 62
2 66 41
4 8 7
3 5 54
2 70 52
1 26 70
3 75 37
2 70 67
4 26 49
1 77 57
4 40 11
1 69 47
3 10 70
3 13 21
3 10 41
4 28 34
4 63 34
4 52 77
4 40 79
2 14 12
4 30 5
2 46 35
1 24 20
1 37 9
4 58 44
2 41 45
1 55 28
2 62 26
4 57 54
1 2 60
2 14 30
2 75 30
2 32 69
4 5 69
2 24 42
1 29 20
3 2 71
2 41 73
1 7 74
3 67 51
4 43 44
3 30 60
2 77 78
1 42 64
4 66 36
2 60 70
4 30 74
3 25 59
4 53 63
2 65 6
2 75 12
2 48 17
2 22 23
3 79 71
3 50 79
2 70 21
3 43 45
3 23 72
3 25 21
1 54 51
1 11 42
2 46 74
2 50 1
1 45 2
3 27 46
3 51 43
4 17 71
1 57 14
1 0 9
1 50 43
4 65 50
2 24 69
2 7 29
4 17 5
4 29 46
1 19 47
4 8 42
1 44 55
1 52 27
1 30 66
2 1 36
2 55 36
2 28 57
2 38 43
3 22 5
1 71 14
1 47 61
2 63 36
2 77 68
2 38 62
4 44 28
1 64 21
4 48 22
2 9 16
1 77 48
4 4 79
1 3 68
2 24 3
2 78 68
2 71 56
4 13 20
1 1 39
1 70 2
3 67 71
2 27 51
2 1 11
1 6 2
4 13 44
3 40 24
2 41 48
1 39 10
1 39 3
1 32 78
2 65 29
1 41 25
2 60 77
4 11 67
1 68 62
1 61 10
2 42 27
2 46 71
3 31 43
1 29 6
2 57 16
4 37 70
4 16 75
1 59 57
4 78 5
1 5 10
2 15 11
1 45 68
3 3 79
2 5 26
3 19 31
2 48 40
1 62 8
3 4 10
1 11 10
4 50 63
1 67 69
3 61 73
2 16 27
2 3 29
2 0 55
4 46 79
4 12 28
1 12 10
1 44 52
1 64 4
4 65 26
3 56 62
3 69 52
1 25 68
4 49 42
4 40 68
1 27 64
3 37 77
1 61 6
1 56 42
2 37 6
2 11 48
4 69 33
1 8 3
4 8 68
1 35 77
1 66 12
4 61 36
2 38 52
4 12 15
1 59 53
1 46 58
1 50 60
4 3 36
1 75 49
3 52 14
2 21 1
1 40 34
1 4 44
1 2 74
2 68 24
4 34 18
2 26 68
2 74 32
2 74 25
2 74 3
1 70 2
2 40 75
3 69 19
2 61 65
2 78 17
2 65 2
2 55 38
2 66 74
4 5 17
1 11 22
2 34 40
4 36 59
4 44 54
2 57 2
1 7 61
1 17 59
2 29 38
3 6 71
2 52 34
1 56 43
2 56 78
4 71 1
2 18 66
2 72 33
3 4 2
1 22 78
1 64 69
4 77 50
3 44 9
2 49 13
2 6 40
4 13 49
4 11 16
2 75 27
3 0 64
1 56 8
1 77 53
1 64 18
4 62 13
3 55 52
1 44 51
2 4 20
2 13 44
1 19 47
3 60 3
1 46 22
2 45 39
4 29 41
3 76 51
2 6 41
3 24 59
4 37 36
2 18 26
2 23 41
1 34 7
2 76 70
2 73 28
3 54 42
2 11 43
1 43 65
4 33 7
3 41 39
2 21 53
1 62 31
4 43 0
4 27 31
2 74 66
4 3 5
1 72 46
1 52 29
4 71 1
3 20 28
3 70 39
2 29 42
4 71 30
2 44 24
2 46 47
2 42 47
1 68 7
2 14 40
2 53 34
1 42 73
3 8 54
1 40 41
2 53 75
1 48 74
2 3 22
2 46 64
2 31 22
1 12 43
2 17 35
1 27 36
1 39 71
2 12 43
2 67 33
3 10 41
1 20 52
1 68 39
2 63 26
2 26 64
2 74 63
1 6 13
4 62 37
2 23 21
2 14 0
4 36 75
1 57 5
2 29 51
2 46 53
2 40 12
2 24 31
4 47 11
1 35 68
2 77 24
2 64 51
2 61 29
4 45 50
2 47 63
1 47 6
4 28 72
1 1 76
3 5 65
1 62 79
1 39 44
3 57 7
1 8 60
2 28 71
3 11 33
1 31 3
1 20 36
1 26 34
2 40 44
2 32 4
2 52 4
1 47 43
2 58 11
4 17 9
1 19 75
2 33 61
1 47 45
1 73 77
2 21 43
1 37 71
1 43 57
2 19 53
2 28 59
1 44 51
1 31 36
1 38 44
1 63 67
4 4 2
4 64 39
1 44 36
1 13 56
3 48 46
4 75 45
3 51 0
1 72 17
1 27 22
2 46 4
2 43 21
2 54 4
4 55 60
4 41 22
1 68 22
1 9 52
3 54 36
2 27 1
4 59 6
1 38 43
1 26 55
1 1 14
2 9 38
3 11 79
2 71 31
1 32 11
1 49 72
1 19 53
1 25 36
2 27 16
1 77 5
1 12 66
1 76 45
3 56 47
3 43 77
1 0 62
2 64 47
4 52 49
1 1 42
1 72 45
2 62 76
2 63 11
4 66 7
1 21 5
2 19 44
4 26 59
2 35 76
1 17 30
2 14 58
1 52 9
2 24 68
2 11 46
3 49 21
1 60 48
1 60 76
2 72 0
1 73 79
2 41 24
2 57 54
1 45 56
4 19 44
2 12 16
2 28 61
2 66 64
1 36 56
2 14 46
1 44 59
1 57 17
2 76 27
1 14 60
2 31 8
4 69 33
1 0 11
1 10 7
2 17 64
4 46 16
2 9 73
3 55 72
1 10 53
1 25 39
3 37 42
3 51 10
2 3 5
2 12 9
1 49 67
2 31 43
4 61 29
1 56 40
3 41 14
1 49 22
4 70 21
2 72 9
1 5 10
1 47 41
4 33 78
1 78 45
2 24 55
2 16 0
1 72 34
1 21 67
1 31 76
2 68 11
3 57 26
4 58 31
1 60 34
2 43 49
4 19 28
2 29 34
3 21 79
3 11 27
2 20 12
2 43 5
4 70 2
2 3 18
2 72 71
3 38 29
1 22 31
2 4 12
2 56 77
3 53 79
1 49 45
1 70 27
3 52 65
2 14 2
1 59 0
1 16 2
2 23 73
3 59 15
2 20 13
1 25 51
3 46 74
1 32 11
1 6 60
1 3 23
3 76 3
1 19 50
1 79 10
2 63 24
2 21 33
1 77 66
3 4 44
1 3 49
1 77 40
2 38 10
2 60 8
2 15 21
4 53 11
4 53 36
2 29 62
3 7 33
1 9 37
2 29 1
4 78 79
2 67 18
1 49 55
1 28 30
1 50 11
2 25 5
2 74 73
1 37 11
2 36 75
3 52 16
1 56 35
3 54 57
2 44 23
1 38 16
3 67 16
2 60 21
2 70 28
2 64 75
2 35 75
1 11 56
1 34 72
1 10 53
2 33 42
2 51 20
1 52 19
3 69 78
1 20 28
4 37 65
3 66 3
2 37 16
2 28 20
3 59 33
3 61 68
4 36 35
1 23 74
1 46 76
3 37 36
1 57 73
2 38 7
2 73 33
2 4 0
1 31 69
4 19 5
1 3 47
1 30 44
1 9 72
2 10 2
2 2 26
4 43 35
2 43 64
2 24 78
4 36 51
2 57 48
3 28 54
4 77 16
2 32 28
1 11 52
1 64 32
1 33 55
3 17 40
2 31 65
2 73 53
3 62 41
4 59 5
2 24 77
2 53 52
2 67 8
4 79 33
4 64 45
3 10 27
3 56 69
3 65 53
2 64 60
2 37 42
4 11 72
3 66 42
4 70 25
2 42 75
2 61 68
2 16 60
1 75 1
2 13 30
3 49 47
2 1 5
4 56 35
4 7 23
1 75 37
3 24 3
1 75 46
3 75 22
2 26 13
4 6 5
2 34 60
3 16 19
2 42 75
4 42 44
1 60 5
1 33 4
2 64 42
4 12 15
3 32 7
2 56 40
4 58 74
1 28 73
2 19 12
1 65 78
3 27 45
2 0 22
1 51 55
1 50 64
4 72 15
1 18 59
1 34 42
1 48 54
3 58 0
2 17 59
1 24 51
4 36 74
4 9 17
1 7 62
1 33 44
2 52 2
2 41 73
2 64 24
4 39 60
1 70 55
4 11 48
3 67 61
4 69 71
2 6 47
2 43 12
1 1 32
2 32 38
1 32 49
1 42 15
1 51 50
1 27 44
2 33 11
1 48 4
4 25 33
1 79 44
1 0 64
4 39 50
3 53 29
1 76 68
4 34 76
4 14 55
2 79 60
4 7 13
2 34 69
2 17 28
1 73 60
1 41 10
2 22 2
1 10 48
1 59 51
2 73 33
1 70 39
3 15 45
2 34 66
2 78 68
1 63 12
2 16 12
1 58 17
2 77 8
4 62 77
4 35 42
4 4 28
4 66 24
3 32 72
2 53 74
2 25 45
1 38 64
1 30 18
2 23 7
4 52 17
1 36 60
4 13 65
2 58 57
1 22 78
3 17 35
1 74 72
4 49 68
2 43 72
3 15 45
3 61 76
1 75 70
2 3 64
1 36 49
1 76 44
2 49 37
1 4 45
2 69 62
2 24 39
4 42 22
4 19 9
3 50 14
1 61 6
1 33 38
3 26 20
2 70 31
1 10 64
2 55 19
1 43 63
3 4 61
2 24 48
2 51 38
3 11 20
3 72 41
1 79 75
1 26 61
1 35 62
2 16 68
1 59 55
3 68 56
1 56 28
1 62 7
2 53 11
2 54 65
1 19 55
2 5 24
1 21 25
1 62 70
1 3 74
1 5 37
4 77 30
1 70 64
1 7 48
2 59 51
1 42 47
1 64 38
3 1 48
1 1 33
4 43 15
2 66 0
1 28 18
2 38 30
3 11 58
3 38 57
1 70 46
2 3 76
1 18 7
2 73 47
2 50 65
3 18 56
4 15 29
1 71 72
1 77 27
4 36 47
2 10 78
3 55 75
4 72 54
2 55 65
4 13 9
4 64 9
1 30 78
1 57 31
2 74 77
1 16 79
4 19 42
2 5 62
1 0 58
1 60 68
4 53 44
4 32 31
3 15 46
2 49 18
1 56 5
1 40 41
4 2 73
4 78 13
3 50 36
2 32 42
3 68 30
3 52 15
1 30 61
2 67 15
4 18 32
3 36 40
1 20 62
1 76 26
2 8 61
4 76 3
3 62 31
1 71 12
3 15 68
1 69 72
2 30 22
2 63 67
3 75 71
1 67 61
4 51 41
4 59 40
1 75 20
3 18 68
1 35 24
2 79 76
1 2 6
2 33 2
2 75 4
3 68 11
2 10 0
2 71 32
1 58 22
1 13 30
1 63 14
4 55 6
4 37 19
1 62 10
2 49 30
1 57 55
4 11 14
1 65 73
4 75 52
3 63 55
2 65 31
2 64 31
2 56 41
3 55 1
1 48 9
2 1 49
1 45 60
2 44 7
1 51 46
1 26 65
1 25 22
3 60 77
2 54 45
1 74 43
4 48 24
2 14 47
2 1 40
4 72 38
3 31 8
4 75 52
2 26 69
1 4 12
4 65 71
1 77 38
4 17 46
4 63 31
3 40 68
3 64 2
1 45 33
2 17 33
2 63 32
1 44 67
1 12 27
2 14 38
1 35 52
2 20 0
1 17 54
2 44 57
2 74 40
3 71 77
2 63 0
1 29 11
2 19 22
1 72 39
3 27 31
1 77 21
1 69 39
2 68 49
1 53 68
1 32 21
3 28 38
3 23 54
4 63 52
1 50 19
1 36 64
2 3 69
4 31 47
1 67 62
1 2 57
1 39 17
1 71 3
2 70 64
1 0 26
3 32 50
2 45 77
1 30 26
3 13 7
3 39 53
1 13 1
2 77 16
4 47 26
1 47 49
1 2 78
2 1 23
2 24 66
2 65 41
3 60 72
3 20 75
4 45 46
1 46 5
3 52 55
1 71 8
3 77 56
2 72 40
3 68 58
4 51 50
2 38 0
1 53 30
4 10 59
4 69 5
2 11 61
1 57 20
1 68 66
3 61 55
2 58 29
3 39 13
1 78 16
4 59 75
2 49 65
1 77 31
2 78 9
2 46 13
4 56 60
2 17 28
2 9 13
1 65 1
1 1 11
1 67 58
2 39 66
1 42 5
4 68 17
1 72 61
4 58 74
2 9 14
2 63 9
1 57 58
2 69 77
1 67 24
2 66 50
2 46 34
1 32 1
1 2 31
2 16 43
4 35 5
4 48 0
1 18 24
3 41 43
2 13 62
2 75 9
1 50 52
4 44 6
1 16 50
1 18 69
1 60 11
2 17 23
1 73 25
1 16 19
2 41 44
2 13 74
2 59 0
2 71 23
3 13 22
1 38 79
4 48 19
4 3 75
1 51 24
2 14 42
3 22 35
1 62 75
4 62 34
1 36 60
2 11 38
2 59 14
2 21 59
4 45 33
4 63 51
1 55 48
2 1 5
2 41 53
4 29 57
3 2 58
1 30 33
4 41 7
1 29 14
2 68 66
1 19 3
4 23 54
2 34 25
2 51 65
3 38 72
2 38 61
1 3 47
2 9 25
1 23 50
2 31 16
2 32 60
1 74 27
3 64 4
1 21 44
1 11 36
2 60 78
3 16 65
2 71 40
3 40 31
1 56 23
4 11 21
3 13 55
1 42 16
1 70 64
2 70 57
2 54 30
2 20 51
2 29 61
2 75 51
1 53 30
4 49 60
4 32 35
4 62 53
2 68 17
1 25 4
1 61 37
4 51 53
3 24 5
1 57 41
1 40 50
3 70 7
2 11 10
3 69 77
1 13 60
1 45 5
2 16 39
4 4 32
2 10 11
2 69 70
1 41 69
3 64 50
2 19 39
1 14 21
1 60 75
3 17 30
4 56 43
4 13 44
2 44 56
2 13 6
1 26 25
2 54 18
1 76 68
2 71 48
1 35 18
1 27 22
3 53 25
2 41 1
2 27 47
4 60 55
3 64 45
4 71 38
2 16 8
4 68 79
1 7 34
2 42 17
2 22 8
3 21 59
1 13 17
3 13 36
4 52 22
4 72 58
3 21 37
3 32 39
3 24 51
1 61 72
3 8 36
3 31 35
1 41 47
4 34 79
1 7 3
1 38 21
2 34 72
1 74 37
2 73 10
1 59 47
4 24 36
2 69 74
1 54 49
1 47 79
1 57 62
4 30 46
4 57 14
1 27 26
4 29 58
2 78 2
2 45 64
1 12 60
1 65 62
1 52 74
1 53 48
2 51 64
1 7 69
2 55 32
1 71 21
1 51 27
2 2 21
1 1 19
1 26 0
3 64 68
2 21 47
2 17 79
3 20 44
2 72 65
1 4 67
4 52 43
3 72 57
1 73 20
1 75 30
1 23 48
2 68 14
1 23 32
2 35 27
1 21 30
1 64 55
1 48 31
2 11 18
1 32 64
1 42 71
2 23 15
4 28 26
2 71 61
4 71 64
4 1 73
4 77 49
3 13 69
1 75 36
3 23 79
2 30 56
4 56 52
1 49 62
2 64 23
1 41 4
1 21 1
2 61 49
1 66 16
3 59 66
4 79 33
2 70 63
4 45 19
1 72 54
1 15 71
3 9 50
2 29 2
3 53 2
1 43 11
1 49 30
2 66 77
1 23 55
2 70 27
4 74 75
1 6 37
2 1 36
1 9 38
4 12 62
2 3 71
1 5 23
1 21 15
4 13 12
3 54 23
2 8 46
2 14 65
4 70 27
1 75 55
3 0 32
1 60 2
1 63 29
2 30 76
4 2 45
4 23 12
2 47 19
3 20 18
3 76 53
2 55 32
3 3 14
4 76 29
4 58 53
1 15 2
4 7 45
1 14 15
4 61 55
1 76 56
2 10 78
2 54 56
1 14 39
3 23 46
2 19 74
3 21 65
2 56 32
2 44 55
4 73 53
1 60 31
2 28 12
2 30 19
2 72 75
3 78 64
2 38 25
2 16 33
1 55 37
2 57 20
1 38 78
4 57 38
1 62 43
4 8 60
4 66 31
2 44 42
1 60 40
3 49 10
2 63 17
2 26 36
1 62 73
2 30 53
2 55 47
1 78 68
2 36 22
2 19 7
2 29 5
1 44 34
2 22 12
2 51 56
4 68 0
2 30 43
2 27 79
1 22 42
1 37 15
1 4 2
4 17 23
2 3 58
2 24 28
3 78 11
3 15 52
3 46 40
1 3 69
1 16 56
1 15 8
2 23 7
2 38 11
1 10 63
2 66 48
1 71 62
2 16 28
4 58 11
2 4 37
3 0 12
1 67 0
2 72 11
1 53 51
1 40 37
1 26 2
3 5 60
1 17 76
1 9 28
1 67 51
3 7 72
4 47 21
3 16 32
2 49 30
4 61 73
2 61 15
1 24 47
4 49 15
4 67 25
1 4 20
1 42 78
2 69 22
2 9 56
1 64 65
2 28 17
1 69 20
2 13 74
3 15 33
1 28 26
2 73 13
4 59 21
1 50 73
2 15 79
4 12 32
2 38 3
1 74 73
3 2 71
4 51 21
2 28 16
4 65 44
3 68 31
1 52 9
2 19 29
2 17 21
1 70 38
1 26 10
4 68 48
2 9 59
2 40 76
3 77 53
1 25 20
1 51 53
4 57 12
3 39 19
1 15 43
2 26 13
3 3 23
2 58 46
3 1 26
1 33 58
1 73 8
3 37 74
1 55 13
1 54 63
1 7 53
1 14 5
4 19 39
2 77 42
4 28 79
1 66 58
1 16 54
2 33 39
2 62 54
1 48 36
4 78 13
4 13 11
4 19 32
1 61 22
3 69 72
3 0 33
3 47 73
4 24 32
1 77 47
3 38 79
2 7 30
1 6 47
2 30 20
2 43 63
2 72 78
2 65 47
2 66 19
1 34 6
3 77 61
1 18 52
1 77 17
2 12 77
1 52 71
1 54 76
2 13 73
2 28 56
2 52 60
2 4 75
2 42 22
2 30 5
4 69 50
1 53 70
3 68 61
2 15 41
1 51 49
2 53 51
3 45 43
2 47 54
1 73 39
2 15 20
2 59 53
4 43 32
1 31 78
4 78 46
2 35 46
1 31 25
3 56 6
2 6 56
2 28 6
1 32 61
1 66 52
2 74 58
3 6 44
1 63 11
2 18 26
2 78 36
2 78 22
3 49 50
1 20 59
1 37 66
4 56 49
3 52 69
1 36 18
2 14 45
1 1 4
2 3 23
1 36 8
2 32 29
3 7 40
1 2 16
1 51 4
4 45 77
4 78 61
3 44 57
1 30 14
4 43 44
3 42 4
2 1 64
3 77 68
1 54 12
3 11 47
2 70 31
1 53 68
2 73 72
2 48 79
2 76 40
3 46 27
3 5 28
2 3 56
1 26 76
2 40 71
2 1 76
2 38 9
1 14 9
1 55 1
3 39 30
2 33 14
2 69 68
2 48 43
1 56 14
3 16 7
2 36 76
3 39 48
3 30 22
2 36 25
1 71 20
1 47 28
1 72 41
1 61 6
1 62 18
3 69 9
3 12 42
2 26 61
3 31 64
2 33 32
2 45 46
2 71 20
1 62 63
3 66 16
1 52 65
2 24 22
1 49 67
1 13 62
1 3 78
4 31 12
4 8 76
1 27 1
1 13 77
2 31 25
2 66 69
3 52 17
1 74 31
1 3 38
4 65 70
4 35 71
1 79 41
2 8 77
1 23 27
3 63 30
3 35 24
4 74 46
1 17 53
3 27 4
4 20 50
1 71 5
2 9 33
2 51 13
2 16 64
2 53 15
1 2 45
3 44 54
3 73 71
1 42 34
1 52 11
2 63 64
4 40 66
3 15 50
2 47 22
1 42 21
4 11 1
4 24 58
2 36 31
2 11 0
1 34 71
1 45 56
1 54 71
1 18 6
1 59 48
2 21 73
1 7 63
1 42 8
2 6 0
2 45 46
2 55 28
2 43 21
3 43 3
2 28 63
1 47 77
3 7 66
1 64 21
3 25 61
2 4 39
2 7 47
1 15 6
2 51 66
4 78 57
1 26 0
1 76 61
4 3 57
1 31 42
2 34 2
4 77 70
2 73 68
3 56 45
1 18 44
3 75 31
2 41 36
2 63 9
1 64 74
3 14 57
2 73 0
1 69 53
1 11 14
2 78 20
1 17 77
2 76 57
4 49 44
2 59 65
3 6 53
1 77 8
1 24 0
3 6 13
1 28 61
1 14 18
2 15 73
3 2 19
3 63 0
1 58 26
2 57 9
4 11 31
1 6 37
3 35 70
1 29 77
2 63 11
4 12 14
1 74 37
4 37 11
2 67 5
1 51 70
3 23 12
1 57 26
4 36 34
1 30 70
1 44 57
1 47 17
2 22 32
2 50 55
2 27 55
2 41 23
2 67 42
2 2 1
1 31 22
2 52 18
2 65 75
1 76 19
1 15 66
2 32 65
4 14 65
4 44 40
2 70 49
2 9 6
1 1 68
1 4 70
2 56 78
2 9 19
1 14 73
1 62 43
1 23 11
1 79 0
1 36 37
3 8 29
2 43 29
4 57 19
4 10 45
1 49 77
4 23 33
2 34 41
3 28 54
2 61 46
2 32 42
2 48 7
3 76 73
2 10 23
4 32 58
3 52 69
4 44 29
4 37 12
2 49 58
3 39 31
1 48 22
3 69 19
1 45 24
1 5 39
4 57 22
3 42 11
1 57 53
4 17 74
2 53 5
1 43 9
2 41 59
2 14 41
2 11 77
2 51 11
2 54 14
4 77 41
2 43 79
2 63 37
3 68 22
2 79 72
3 26 31
3 61 43
3 8 64
3 65 34
2 52 62
1 11 13
2 46 60
3 55 49
4 34 1
1 34 77
4 32 66
2 14 36
4 51 42
2 38 65
1 59 70
1 43 12
2 32 62
3 36 68
2 19 28
4 49 42
2 65 45
2 47 74
2 30 37
2 75 61
2 67 55
1 0 4
1 5 77
4 79 56
2 67 6
1 18 31
3 62 34
3 35 10
3 61 64
2 14 45
2 15 78
2 7 68
1 54 1
2 49 47
3 52 77
2 71 49
2 32 10
4 63 64
3 57 65
2 51 79
1 4 39
4 10 71
1 75 55
2 36 19
1 18 55
4 28 3
1 17 33
1 22 18
3 44 73
1 70 60
2 48 62
1 69 63
3 42 9
1 28 78
2 35 3
3 45 72
3 63 73
2 39 46
2 33 22
1 58 30
3 49 59
3 29 37
1 48 58
3 64 13
3 14 26
1 71 13
4 46 51
3 0 59
1 34 60
2 40 67
2 8 32
1 1 34
1 45 10
1 15 69
2 11 3
2 47 27
2 43 52
3 17 55
1 48 36
4 26 44
1 36 41
4 60 55
2 28 32
1 70 14
3 42 25
2 67 77
2 77 67
4 2 78
3 74 37
1 25 28
4 25 56
4 15 62
2 49 6
1 22 4
2 39 58
3 55 11
2 40 17
4 59 49
2 24 74
1 48 19
1 52 21
4 11 15
2 8 66
4 20 26
3 12 49
1 31 5
4 38 64
1 6 29
1 6 57
1 76 28
1 75 38
2 11 65
1 4 66
1 77 71
2 15 48
1 58 45
2 64 25
2 63 76
1 30 47
2 10 26
1 16 43
3 38 6
1 17 33
1 15 56
2 43 22
3 3 7
1 33 18
3 41 77
4 49 37
2 40 60
1 14 78
2 17 69
4 33 65
4 65 68
3 38 74
2 56 35
2 77 43
1 55 37
3 56 46
2 6 9
3 48 34
4 27 41
4 31 20
4 52 50
2 9 76
1 36 40
2 51 8
2 79 41
1 56 35
2 15 36
1 51 60
1 33 10
4 61 50
2 41 61
3 23 43
2 38 32
2 73 16
1 3 65
1 58 74
2 32 46
2 68 28
1 25 4
3 60 43
1 79 54
3 38 75
1 24 73
3 13 42
2 42 55
2 58 77
3 3 0
2 45 74
3 42 28
2 53 30
3 73 44
3 55 16
2 49 12
1 13 28
4 63 21
2 38 67
2 31 67
2 13 39
2 12 65
4 72 43
2 4 37
3 46 23
4 14 39
4 70 25
1 47 42
2 24 46
2 47 25
1 77 49
1 10 40
3 45 25
3 28 41
3 62 19
1 56 74
2 47 34
1 43 62
3 41 79
1 4 37
4 65 20
2 79 60
4 33 36
2 79 3
4 49 35
1 67 58
1 16 77
3 78 20
2 78 28
4 56 17
2 67 76
4 22 10
2 29 22
4 4 34
3 72 49
2 29 23
3 30 53
4 16 70
1 74 29
2 39 23
2 51 78
3 5 9
1 39 42
2 49 48
2 73 61
2 11 37
2 48 37
2 6 28
2 24 68
1 71 76
3 8 42
1 36 58
2 45 14
4 55 71
1 32 62
1 49 59
1 32 68
4 36 68
2 54 55
2 55 57
4 39 70
4 28 43
1 21 45
2 2 33
1 50 69
1 3 44
1 15 7
2 74 71
1 41 11
4 61 77
4 15 31
1 41 69
4 8 51
1 64 60
1 3 57
2 67 73
2 19 60
1 67 55
2 15 49
4 5 13
1 12 0
1 7 30
1 51 79
1 52 11
3 10 44
1 39 44
3 70 48
4 60 28
2 29 12
1 25 65
3 20 69
4 41 6
1 37 13
2 72 26
2 10 47
1 77 14
2 57 16
4 67 64
2 58 4
1 6 72
2 11 74
4 63 62
4 65 37
1 19 37
2 65 27
1 13 38
1 62 42
2 75 20
1 23 78
2 49 50
2 37 48
1 19 13
2 57 24
3 23 73
4 25 67
4 66 38
1 5 64
2 27 51
2 47 38
2 27 76
2 53 1
4 61 65
4 70 59
4 62 21
3 3 19
2 70 58
2 45 15
3 3 67
1 62 41
3 51 2
2 21 52
2 29 71
1 65 45
1 3 9
2 76 27
4 63 13
2 43 48
1 55 69
2 35 57
1 6 4
1 50 38
3 15 45
3 47 48
1 42 8
1 41 39
1 68 31
1 51 49
1 58 54
1 57 19
4 15 51
4 7 71
1 58 12
2 68 5
4 28 67
1 73 12
2 36 41
1 45 41
3 51 17
1 25 78
3 65 4
2 60 16
1 44 41
4 59 23
3 59 10
1 54 45
3 53 55
4 44 7
4 57 2
2 50 43
1 75 61
1 31 38
4 14 50
1 78 44
1 58 76
1 57 58
1 38 7
2 57 1
2 26 71
4 48 25
1 70 77
2 66 60
4 14 65
3 26 63
1 71 37
3 70 21
1 51 7
3 73 13
3 22 4
3 15 21
3 11 74
1 44 16
2 3 35
3 0 22
2 28 33
2 40 46
1 29 51
2 22 2
4 33 26
1 78 2
1 46 78
2 49 16
2 36 68
4 45 57
2 32 12
2 57 21
2 46 37
4 15 18
1 68 1
1 68 39
3 67 32
1 10 42
4 51 62
3 45 14
3 54 64
2 20 67
2 28 36
3 54 40
1 45 65
2 1 64
4 48 43
3 38 23
2 26 25
2 33 30
4 53 63
2 54 69
1 31 21
4 41 32
3 61 68
1 46 40
2 67 5
3 76 57
1 26 79
2 22 33
3 30 7
2 42 76
3 41 27
1 15 11
2 70 60
3 30 73
1 64 49
2 24 65
3 62 52
1 29 50
3 62 57
1 68 63
2 1 32
2 1 59
2 37 41
4 66 5
2 23 15
2 78 11
2 15 4
2 29 18
2 43 60
3 36 13
1 66 34
3 26 6
1 32 30
1 26 60
1 9 54
2 9 2
1 71 25
2 67 53
2 25 48
4 27 49
1 54 15
1 50 57
4 36 62
2 10 54
1 0 25
1 48 12
3 54 57
1 15 3
2 20 56
3 38 26
4 18 15
3 53 62
2 44 79
3 30 65
2 0 66
4 36 45
3 28 67
4 75 36
2 13 46
1 32 62
2 60 39
1 0 74
1 7 60
4 24 57
4 11 34
2 6 61
1 12 60
2 3 11
1 41 9
2 15 11
1 6 10
1 45 78
1 71 59
1 31 57
2 77 16
4 8 54
2 23 5
2 18 2
4 49 37
2 70 18
2 19 44
3 32 10
1 58 0
4 44 55
3 4 51
3 53 15
2 55 62
2 56 44
3 24 47
1 37 21
2 8 47
1 28 15
2 56 67
3 19 58
2 32 55
1 11 56
1 76 22
3 58 79
4 66 6
1 57 42
2 4 13
3 28 66
2 14 78
1 56 27
1 46 35
1 64 76
2 48 45
1 36 52
2 6 48
1 17 58
4 46 48
1 25 46
2 38 5
3 40 70
2 69 45
3 35 68
1 19 61
1 67 58
2 70 40
3 76 1
1 8 76
1 23 60
1 74 45
1 28 30
2 74 36
4 8 55
3 24 5
2 16 79
3 64 34
2 1 4
2 39 69
2 21 77
1 6 5
1 23 53
1 12 27
1 55 17
2 70 59
1 15 74
3 9 65
4 11 3
3 11 38
3 39 74
2 41 66
4 67 47
4 26 16
4 42 14
3 12 8
3 24 33
1 54 68
2 52 15
2 43 9
1 58 48
1 55 1
4 14 78
4 1 14
3 60 3
1 31 43
2 11 73
2 44 18
3 3 30
1 51 39
2 72 6
2 39 74
1 21 66
3 74 55
1 26 43
4 61 53
1 55 0
1 60 24
2 40 64
1 5 36
1 8 41
1 48 43
2 34 60
3 77 3
4 66 73
2 74 79
4 65 27
3 28 78
1 38 61
1 73 31
1 69 10
2 16 56
3 64 9
1 18 50
3 53 2
2 24 2
1 72 64
1 68 48
3 24 51
1 23 14
2 16 1
3 48 52
1 74 44
1 62 56
2 69 30
1 59 64
2 66 74
3 77 14
2 52 51
2 58 33
2 57 67
1 14 47
1 71 35
4 18 54
4 28 45
2 7 36
2 48 75
2 3 41
1 73 33
4 18 16
4 74 15
2 24 0
2 48 23
3 65 27
1 72 58
4 68 11
1 25 70
4 27 60
2 13 36
2 35 66
1 43 37
3 38 39
2 35 11
2 67 17
4 4 39
1 25 23
2 47 67
1 6 79
1 28 32
1 8 65
2 74 27
3 47 73
1 11 25
2 2 30
1 52 37
4 29 18
4 67 60
2 50 30
4 58 14
2 64 45
2 48 16
1 72 76
2 63 55
4 46 13
1 35 27
1 76 11
3 30 53
2 26 10
2 5 3
4 39 43
4 54 44
3 41 72
1 64 15
2 21 6
1 23 26
3 25 71
1 49 78
3 51 58
1 33 37
3 55 45
2 66 54
2 41 16
2 5 58
1 52 48
4 60 45
3 28 72
2 27 9
2 13 72
3 33 30
3 59 74
1 28 63
2 29 57
3 15 37
1 76 15
2 65 3
1 57 10
1 56 48
2 75 44
1 64 47
1 14 71
2 54 38
1 70 59
1 47 76
2 18 32
4 35 51
1 32 36
4 41 22
2 45 18
2 62 34
3 56 23
1 6 42
1 74 76
1 50 52
2 13 17
1 48 66
2 7 4
2 40 69
1 56 73
3 57 15
2 78 76
1 36 41
4 14 6
3 1 9
2 7 31
4 4 67
2 57 25
2 12 34
2 68 58
1 44 72
2 26 8
1 8 31
3 31 53
2 7 58
2 70 6
4 52 72
1 42 7
3 0 52
1 34 44
1 53 30
2 27 17
4 7 29
3 20 36
2 27 22
1 60 5
2 70 52
1 79 4
3 57 72
2 68 24
1 10 35
3 2 48
1 25 13
2 12 28
3 22 72
1 38 7
3 22 4
4 9 51
1 75 48
1 59 60
3 60 4
3 10 31
1 76 9
1 71 68
2 35 61
4 38 49
4 21 13
4 34 15
1 34 22
1 45 52
4 19 53
4 56 17
3 55 33
2 16 75
4 71 69
2 35 45
4 10 34
4 38 75
2 76 14
1 12 34
4 58 27
1 54 37
1 47 33
3 71 30
1 72 17
3 35 60
1 53 21
4 17 50
3 55 35
2 64 9
2 15 63
2 63 40
1 78 51
2 8 62
2 34 53
3 59 44
2 29 26
4 49 44
2 76 22
2 54 79
3 36 15
2 38 62
1 41 60
2 61 5
2 26 29
4 55 13
2 26 62
1 49 36
2 33 76
2 7 23
3 62 54
1 48 23
2 15 36
3 57 70
1 66 45
2 49 3
2 16 60
3 79 2
1 60 4
2 8 25
4 32 49
4 55 11
1 13 28
3 31 76
1 61 48
1 27 52
4 60 19
2 69 28
4 66 0
3 12 41
1 71 0
2 30 58
1 70 66
4 51 69
4 12 63
2 62 32
2 75 3
1 13 35
2 77 17
2 75 14
2 28 35
1 26 44
3 26 60
1 70 47
1 70 25
2 42 39
3 48 16
1 30 35
1 31 27
2 43 1
3 6 72
1 58 67
4 45 71
2 74 18
1 32 72
3 25 41
1 70 61
4 45 54
3 5 72
3 79 57
4 77 12
3 34 79
2 51 5
3 6 35
2 5 49
1 31 62
3 57 55
3 71 6
1 22 19
4 61 73
1 12 55
2 28 57
2 21 67
2 59 9
2 42 39
3 75 46
1 41 3
2 4 44
1 68 1
1 41 74
2 49 66
3 69 15
4 65 40
2 49 74
1 41 56
2 54 67
4 5 2
1 23 70
1 68 13
2 43 76
1 8 15
2 54 64
3 75 54
4 63 28
1 11 33
1 26 40
4 44 47
2 53 24
4 76 15
1 67 46
3 71 73
1 4 73
3 34 40
4 47 71
1 58 55
1 21 29
1 12 41
1 11 43
2 37 70
3 19 3
2 27 65
1 14 54
4 64 72
4 7 2
1 72 40
2 10 37
1 65 42
1 6 51
4 40 30
1 71 65
2 34 21
2 49 53
2 51 0
1 70 3
1 24 23
2 64 30
4 75 67
2 71 56
1 23 25
1 50 71
4 18 36
1 15 79
2 74 20
3 29 16
1 60 8
3 19 4
2 54 60
1 38 17
4 59 76
3 17 78
2 70 25
3 4 7
1 64 59
1 9 14
3 58 76
1 78 21
3 7 31
1 48 53
2 65 13
2 7 30
2 67 13
2 20 30
4 31 6
4 43 41
4 33 5
3 58 74
3 64 31
3 32 52
3 0 51
2 72 21
2 19 15
2 67 33
1 5 10
4 71 41
2 58 42
3 52 53
3 37 3
2 65 33
4 22 37
4 24 27
1 2 9
2 26 29
1 8 69
2 18 21
2 0 24
2 54 9
2 74 73
1 71 43
1 25 53
1 16 78
2 21 55
1 36 46
2 5 36
1 59 1
3 36 17
2 69 37
3 29 60
4 63 58
1 79 47
3 27 1
1 54 5
3 9 5
2 42 49
2 18 54
2 66 48
2 7 40
1 52 38
2 70 0
1 41 27
2 54 73
3 68 79
4 8 35
1 31 72
1 18 49
4 6 11
4 42 32
1 39 79
1 66 50
1 61 69
2 28 61
1 28 2
3 6 11
1 8 4
1 57 15
2 56 14
1 70 42
3 79 62
2 58 57
1 37 22
2 32 18
1 16 61
2 30 62
1 56 78
4 6 3
2 42 33
1 76 41
2 38 44
2 58 12
1 20 9
2 62 16
4 22 31
1 62 41
2 78 63
4 2 68
1 45 58
2 52 76
3 13 40
4 23 52
1 16 59
1 40 63
1 61 76
2 10 25
4 27 22
1 13 65
1 24 14
2 51 65
1 56 75
3 3 59
2 43 55
2 40 15
4 4 45
1 42 75
1 32 61
4 53 58
1 51 44
1 11 21
1 79 57
4 45 54
1 27 53
3 12 67
2 22 15
4 41 13
3 5 21
2 54 45
1 64 24
4 50 40
2 40 57
1 45 56
3 41 46
2 70 59
1 39 63
3 3 36
4 24 43
1 45 11
4 50 79
1 18 2
4 79 34
3 45 4
2 18 4
2 44 19
1 21 62
1 25 56
1 70 57
1 41 26
2 11 50
2 74 22
3 34 30
1 36 31
1 35 0
3 1 31
1 78 27
1 75 70
4 53 45
1 2 34
2 37 40
2 73 79
2 52 21
2 68 65
2 27 8
4 9 12
4 70 5
4 34 78
4 25 2
1 33 66
1 9 8
4 32 16
2 29 38
1 33 32
2 26 61
1 20 8
2 34 56
4 79 39
2 7 54
1 11 61
2 70 4
4 57 39
4 77 72
2 76 37
4 66 76
1 62 73
2 68 69
2 51 42
1 76 50
2 33 19
1 46 28
1 69 16
1 32 52
2 67 8
4 8 48
4 52 65
1 52 41
4 67 38
3 0 67
1 55 52
1 66 76
4 45 64
2 45 78
2 49 32
3 8 18
3 69 75
2 68 57
3 51 40
2 67 70
4 7 8
1 63 64
2 24 32
4 18 73
4 21 53
2 33 13
2 36 55
3 78 6
2 36 14
1 29 53
1 49 0
2 31 18
4 10 34
3 77 78
3 31 66
3 18 48
1 16 0
1 39 55
4 46 75
1 62 56
3 24 64
4 50 4
2 2 15
3 61 62
3 4 7
4 15 6
2 11 5
1 15 50
3 11 75
4 11 18
1 71 64
2 50 10
1 64 43
3 56 1
1 13 7
2 69 35
2 26 32
1 36 76
3 0 29
2 3 28
2 1 39
1 75 79
4 54 4
1 53 67
3 52 24
3 62 40
4 75 8
2 8 31
1 60 51
1 45 53
1 14 33
2 5 12
4 20 67
1 41 0
3 78 59
2 71 45
3 32 17
4 75 10
2 25 44
4 62 59
1 31 47
1 25 33
2 75 27
2 10 26
2 7 30
1 47 42
4 23 33
2 75 25
2 3 68
1 18 48
2 27 31
1 13 19
2 19 16
1 8 13
2 29 46
4 8 53
4 9 19
3 29 77
2 53 42
2 29 6
3 4 41
3 7 19
4 15 7
2 37 22
3 66 7
1 1 13
1 24 25
2 11 21
3 47 51
3 61 11
2 57 71
3 17 63
2 28 18
3 11 16
1 75 37
2 39 31
2 6 12
2 47 39
4 16 9
2 32 25
2 77 15
1 55 61
1 18 44
4 23 14
2 38 13
1 34 67
2 52 78
1 54 57
3 21 0
2 69 78
2 58 2
2 46 65
2 18 77
2 64 28
4 47 63
2 10 39
4 31 20
2 54 17
1 11 23
1 70 75
1 59 41
2 18 41
4 5 68
1 36 60
2 47 10
1 29 6
4 36 22
2 23 49
4 59 51
2 36 67
3 69 9
1 64 13
2 52 3
4 31 15
1 32 51
2 77 36
4 52 4
2 53 36
2 21 28
3 58 35
2 38 11
1 19 51
3 54 43
1 23 4
1 68 59
3 4 18
3 56 15
2 64 70
2 39 1
1 67 33
2 67 41
1 67 47
4 50 1
4 37 56
1 75 31
3 51 45
1 68 51
1 42 35
2 49 71
1 19 66
2 65 11
4 26 28
1 49 41
2 23 16
2 3 25
4 53 32
1 66 61
2 60 23
2 26 50
1 43 79
1 61 45
1 15 14
3 70 9
2 51 13
3 52 55
1 51 59
3 21 28
1 64 60
1 24 76
3 51 38
2 69 62
2 53 25
3 45 11
2 63 26
4 79 24
4 66 51
2 53 0
1 11 0
2 70 28
2 63 40
2 78 72
1 74 64
1 36 26
1 30 9
3 50 2
3 49 51
3 39 25
1 70 45
2 3 39
2 16 25
1 37 9
1 66 51
2 72 36
1 19 77
2 17 60
4 17 69
1 16 2
2 78 42
3 65 25
2 30 18
4 9 59
2 15 23
2 22 70
1 25 50
2 4 18
2 21 64
1 79 59
1 37 1
2 48 29
3 54 39
4 66 12
3 25 7
3 40 9
2 69 65
2 16 55
2 11 46
2 3 40
3 42 44
1 28 67
1 78 5
3 15 36
4 68 65
1 0 44
4 53 51
4 34 36
1 1 60
4 53 19
4 40 49
4 70 1
3 5 29
1 52 32
3 44 17
2 40 27
3 0 60
1 6 22
2 56 29
1 36 37
2 50 74
1 12 23
2 43 68
1 40 35
2 17 29
1 52 31
2 49 58
1 42 8
3 51 14
1 65 56
1 29 48
1 0 29
1 46 9
2 62 22
2 57 9
4 67 63
1 20 60
2 71 14
1 32 14
3 39 18
1 36 70
1 75 42
4 54 51
2 3 70
4 36 21
4 10 1
2 38 35
3 17 24
1 18 74
1 64 3
2 65 56
1 26 67
4 17 61
2 19 74
1 31 23
3 57 52
1 40 78
4 23 79
3 6 39
4 1 53
1 14 55
2 67 53
2 16 75
1 52 68
3 41 13
2 40 58
1 50 75
1 74 64
2 45 17
3 38 26
4 32 7
3 19 11
1 42 77
3 66 70
2 37 15
2 67 45
1 70 48
3 16 52
2 38 2
1 48 2
4 65 62
3 65 2
3 46 72
3 2 66
2 63 71
1 33 62
1 45 58
4 30 22
4 72 22
1 56 48
4 51 29
3 24 62
4 34 64
4 51 56
4 17 10
1 12 79
3 24 37
1 22 41
1 7 13
1 1 46
1 59 2
1 25 8
2 0 32
4 50 31
1 78 53
2 4 25
2 65 46
1 49 44
3 72 18
4 1 34
2 58 12
1 1 11
2 10 69
3 68 28
4 60 28
2 7 59
1 7 43
2 65 62
2 66 39
2 5 59
1 27 22
1 18 34
1 3 44
2 44 46
2 12 16
1 12 54
4 59 73
2 5 37
4 53 10
4 54 36
2 34 61
2 19 66
4 57 35
2 60 34
2 60 66
3 48 8
2 12 58
2 62 71
4 56 28
1 73 51
1 5 2
1 8 58
1 77 79
3 16 66
3 71 52
2 6 31
3 7 30
3 21 31
2 70 14
4 79 6
1 41 19
2 9 24
2 62 13
2 19 14
4 51 31
1 56 48
4 39 70
2 42 50
1 59 15
4 9 78
3 77 25
1 66 77
1 47 59
2 12 16
1 20 31
2 60 21
3 65 48
2 24 52
3 0 31
2 12 74
2 4 52
3 72 31
1 57 37
3 3 40
1 76 17
1 56 21
1 5 13
1 19 47
2 27 59
2 9 22
3 40 76
2 39 59
4 46 74
4 53 60
3 78 77
1 53 19
1 47 53
2 8 52
2 48 30
2 57 56
2 27 50
1 5 25
2 60 72
2 54 67
1 76 23
1 57 18
3 39 34
3 36 10
4 58 76
1 40 5
2 54 43
2 25 50
2 67 70
2 9 46
3 66 27
4 77 35
1 2 76
2 7 14
2 48 66
2 7 36
1 52 44
2 30 37
2 40 28
4 5 46
2 77 8
4 39 51
2 69 20
1 68 19
1 2 66
2 25 61
4 19 40
1 21 11
3 73 53
4 53 61
2 15 45
1 16 49
2 3 64
4 5 16
3 79 29
2 16 67
1 35 76
3 58 76
3 74 33
2 66 34
1 63 10
1 72 19
2 25 76
1 3 63
4 27 49
2 55 1
1 37 31
1 45 63
1 61 75
1 48 2
1 66 22
3 70 12
4 51 55
1 9 79
2 17 22
2 77 25
1 9 36
4 22 4
1 75 34
4 10 4
4 0 1
1 53 75
1 16 69
2 74 16
1 2 12
4 77 46
1 7 57
4 28 31
1 24 3
2 27 26
4 56 52
2 18 16
2 52 48
1 18 19
2 13 68
1 31 19
1 19 45
1 54 69
3 46 34
3 2 76
2 35 48
2 76 29
1 67 0
1 36 40
1 59 62
1 72 22
4 76 44
4 44 68
1 49 39
1 28 5
2 53 17
2 21 43
2 29 73
3 65 33
2 60 5
4 48 14
2 3 56
2 60 30
3 44 33
1 20 12
4 22 67
3 23 27
1 12 39
2 6 69
1 48 34
2 66 20
2 40 56
2 63 28
1 7 10
2 14 24
3 56 5
1 65 61
1 2 67
2 29 26
1 39 29
2 29 11
3 49 38
3 32 69
4 36 30
2 45 14
4 20 39
1 70 5
3 60 39
4 49 24
4 26 1
2 21 49
2 0 19
1 32 70
1 34 59
2 14 61
1 41 13
1 52 37
1 8 77
2 43 52
2 18 26
2 74 27
3 61 77
4 21 25
4 6 45
1 30 42
1 65 40
1 60 35
3 16 62
3 55 24
3 37 49
1 48 55
1 9 26
2 60 56
4 18 44
3 29 4
2 3 16
1 75 44
1 30 10
1 16 25
2 76 14
3 57 60
1 53 43
2 44 64
1 70 71
3 4 22
1 13 73
3 32 54
4 43 20
3 25 33
3 42 24
2 17 59
2 70 73
3 10 8
1 72 54
2 70 52
2 4 60
2 55 2
2 32 47
2 28 33
1 0 63
4 0 27
2 58 49
1 48 53
1 70 69
3 77 52
1 25 33
3 43 49
3 39 74
3 19 17
4 29 51
4 71 78
2 66 61
4 59 0
1 42 33
4 36 77
4 12 42
2 72 40
4 46 0
2 46 78
1 46 71
1 61 2
1 8 42
4 5 64
2 52 15
1 1 50
1 29 79
1 17 49
1 77 22
3 25 76
1 13 60
2 74 51
2 70 41
3 7 72
2 59 34
2 41 5
2 41 53
4 44 47
1 18 22
4 54 47
2 58 69
1 64 10
4 75 41
2 22 11
3 10 41
2 67 29
1 51 55
2 7 39
3 44 34
4 41 5
1 18 61
3 34 56
4 29 68
2 78 68
3 63 19
1 21 22
2 24 58
2 60 26
2 8 6
2 67 23
2 78 70
2 61 33
3 6 37
3 2 25
4 60 71
4 10 67
3 53 66
2 24 48
1 63 8
1 22 77
4 9 0
2 10 9
4 42 18
1 47 0
3 37 26
2 25 19
4 63 37
3 11 31
1 46 54
4 67 25
2 36 64
1 3 29
2 53 56
1 10 74
4 68 45
1 23 28
4 74 65
1 28 31
4 30 38
1 22 57
4 52 27
4 8 48
1 35 64
1 64 39
1 70 71
3 48 47
2 16 70
2 2 11
1 20 31
3 8 65
2 67 56
1 69 6
2 43 69
1 35 39
3 34 35
2 12 8
3 7 32
3 77 62
3 30 16
4 0 34
1 22 65
2 18 37
2 46 43
3 34 25
1 3 53
3 50 13
3 48 11
2 52 73
3 70 25
2 70 27
1 18 1
1 60 74
1 46 13
1 26 45
2 55 60
1 15 48
2 73 53
1 32 0
1 76 13
4 62 55
2 3 58
3 70 64
1 2 41
3 71 53
2 19 29
3 28 24
3 13 72
4 66 42
4 28 40
1 62 70
2 50 16
2 47 22
2 8 13
2 33 29
4 72 33
1 49 4
2 55 75
1 69 3
1 13 8
2 34 66
3 13 44
3 62 70
2 16 15
4 26 55
1 66 68
3 56 40
4 22 50
2 52 5
1 60 36
1 29 21
1 30 47
2 56 38
2 0 78
2 77 70
4 55 6
4 23 26
1 13 63
4 35 50
3 9 60
2 31 19
2 66 32
1 7 42
2 56 18
4 19 51
4 46 61
3 28 73
2 12 61
1 77 35
3 14 75
2 47 31
3 38 6
2 75 25
2 77 58
4 34 27
2 5 25
3 27 2
4 12 19
1 11 35
3 46 25
3 29 20
3 41 62
1 5 40
1 17 42
2 44 27
1 53 69
4 58 66
4 79 71
3 1 18
4 70 23
3 2 76
2 33 36
1 12 22
3 51 34
2 4 23
4 76 32
4 72 40
1 38 4
2 63 73
1 56 27
1 50 36
1 36 17
3 29 8
1 7 70
1 13 27
2 49 26
1 12 42
1 59 63
2 13 11
2 8 13
2 1 5
2 40 61
1 37 27
2 63 70
1 66 40
3 16 28
4 72 0
3 31 32
1 8 66
2 21 40
4 65 57
1 73 29
1 22 64
4 33 27
1 40 13
1 44 4
1 2 50
4 41 78
3 26 32
2 12 74
3 70 28
2 39 8
2 75 43
2 5 40
2 74 42
2 78 8
2 18 43
2 54 4
1 9 15
3 31 51
1 41 54
1 65 69
1 53 34
1 66 28
1 40 29
1 7 9
2 34 47
2 41 59
4 6 18
1 25 40
1 35 44
4 70 60
4 3 26
1 50 22
4 28 65
3 68 54
2 13 56
4 25 11
4 76 60
2 43 62
3 69 17
4 10 55
2 45 59
3 68 24
2 21 44
1 13 17
4 34 42
4 52 19
2 56 3
3 54 56
1 37 53
1 14 50
1 78 31
3 52 20
3 52 27
2 56 66
2 35 41
2 63 4
4 31 41
2 23 67
1 67 24
2 33 53
2 56 64
2 30 69
2 68 44
2 29 64
4 14 2
2 72 70
1 8 50
4 69 57
1 46 67
1 63 41
2 5 15
4 30 52
1 48 56
1 61 69
1 59 26
4 7 43
4 50 20
1 40 45
4 10 32
4 79 62
2 60 2
2 66 27
2 70 56
2 61 7
4 57 45
2 5 67
4 0 3
4 2 56
3 38 13
1 53 61
1 42 40
4 33 71
2 50 53
3 72 24
3 79 2
3 39 12
3 73 60
4 56 4
2 36 11
1 77 39
2 21 67
3 48 44
2 71 27
1 51 61
2 26 44
2 45 7
3 74 16
1 32 15
4 6 35
2 3 25
2 52 49
4 45 10
3 58 30
2 24 78
1 77 36
4 56 9
3 49 77
4 70 76
2 77 38
1 12 43
2 67 28
3 65 42
2 40 76
2 54 59
3 13 23
3 64 73
2 79 70
4 27 10
1 73 32
2 16 26
3 78 30
3 29 79
2 44 40
2 43 78
2 54 17
2 21 24
2 25 21
2 0 6
4 78 51
1 68 39
1 24 29
2 36 40
1 19 74
3 74 6
1 27 22
1 61 74
1 65 61
1 16 11
1 71 48
2 6 7
1 37 19
2 41 8
3 18 57
3 38 6
2 9 18
1 76 33
3 54 63
2 3 41
1 66 34
2 53 66
1 10 50
2 12 22
4 66 38
4 33 45
1 64 32
1 60 37
2 77 30
2 1 15
1 23 68
1 34 16
2 35 74
2 31 60
2 70 78
3 68 60
2 49 2
3 20 14
1 75 51
2 75 50
2 12 71
3 50 55
2 7 37
2 18 47
2 20 60
2 70 34
4 63 9
4 16 55
3 8 58
3 30 70
1 57 14
1 77 24
1 51 11
2 33 47
3 39 37
2 40 69
1 59 36
2 21 3
1 60 67
1 14 78
3 10 21
3 2 7
1 66 65
1 78 5
3 20 58
1 60 71
1 76 2
3 2 14
1 60 11
1 70 7
2 22 10
4 32 47
2 27 1
1 74 79
1 46 56
3 37 63
2 54 78
4 14 37
2 70 26
3 11 67
2 18 46
3 74 19
1 64 50
1 9 57
1 47 55
1 60 24
1 14 53
1 32 46
2 22 58
2 4 75
1 76 8
2 62 40
1 25 70
2 36 61
1 68 46
4 34 45
2 78 47
3 40 62
1 69 1
1 24 54
3 31 8
2 61 53
2 71 24
1 38 69
2 73 47
1 4 1
3 39 8
1 12 56
1 71 74
2 62 23
3 51 24
3 51 39
3 18 38
3 58 34
1 41 79
4 35 10
4 48 50
3 49 17
2 73 6
2 64 26
2 47 6
4 28 63
2 45 0
4 39 14
2 36 34
1 68 33
3 74 46
1 25 21
1 76 23
2 15 35
1 29 28
3 18 68
4 6 34
3 35 41
1 60 42
2 43 45
4 67 62
2 60 26
2 47 63
4 35 47
2 3 55
2 64 6
1 65 64
2 20 78
4 70 78
1 27 63
2 16 15
2 73 68
1 52 57
2 77 31
2 22 78
2 20 45
3 65 78
1 71 43
3 43 57
4 5 55
2 72 20
1 13 56
4 64 31
1 63 7
2 11 34
1 29 51
2 49 37
2 29 24
2 29 19
4 54 26
1 79 60
2 25 56
2 36 20
4 61 0
3 65 32
1 21 29
4 39 19
3 18 41
1 30 18
3 10 27
1 24 48
1 40 33
1 32 3
2 68 45
3 69 9
1 74 28
4 63 10
3 72 18
4 73 71
1 17 23
3 0 38
2 6 64
4 18 20
2 43 58
4 34 57
1 64 19
1 71 28
1 14 32
3 76 61
2 36 46
1 32 52
4 50 34
4 14 63
1 30 59
2 26 15
2 52 44
3 57 2
3 62 5
4 62 0
2 63 30
1 20 40
4 49 77
4 36 9
1 63 27
1 69 42
1 51 17
2 65 24
1 6 3
2 34 28
1 24 2
2 3 72
1 24 12
4 74 68
4 67 47
2 45 69
1 74 34
3 12 70
3 56 61
2 11 44
2 77 39
4 43 56
1 68 29
1 44 33
2 49 63
1 3 16
4 53 10
4 79 36
2 45 36
2 4 26
2 59 1
1 36 31
1 52 10
3 48 2
4 53 37
2 71 67
1 74 12
4 60 39
1 31 58
1 19 35
2 60 4
2 9 78
2 49 52
2 42 23
1 6 59
4 21 8
2 27 14
1 21 9
2 7 21
2 10 47
1 35 38
2 68 25
2 55 9
1 25 9
2 57 29
1 11 30
3 49 38
2 43 34
3 9 40
2 63 4
1 20 32
1 77 56
4 8 11
3 21 37
2 12 79
1 79 59
2 66 79
1 45 78
1 6 57
3 16 20
2 71 19
1 24 79
2 73 18
2 65 41
1 61 6
4 59 24
1 72 43
4 60 3
2 7 76
4 22 35
1 13 73
4 7 37
1 61 18
1 78 63
3 56 7
1 18 39
2 62 37
3 43 59
3 77 72
1 2 47
2 8 11
1 24 20
2 36 55
3 1 50
4 32 64
1 13 68
4 35 2
2 11 68
2 20 62
1 2 56
1 47 38
3 30 45
1 68 1
4 74 20
2 72 70
2 6 72
2 9 18
1 49 79
3 74 12
1 11 39
2 6 60
4 12 35
1 24 3
4 65 44
4 18 69
1 52 71
1 28 30
3 51 45
3 64 0
4 71 23
1 66 76
1 4 26
3 13 55
3 68 71
1 59 10
2 43 24
2 47 37
1 72 64
4 69 24
3 65 67
3 71 21
2 33 36
1 32 57
2 65 24
2 21 47
4 54 8
1 21 34
1 68 59
1 49 59
1 42 6
2 56 62
2 31 70
2 2 37
1 36 46
2 68 16
3 18 45
3 63 37
2 35 33
1 46 30
4 23 0
1 26 75
1 43 14
3 10 65
2 77 31
2 4 5
2 31 48
2 19 17
1 55 30
2 50 58
3 19 35
3 79 57
1 77 42
4 55 58
2 55 78
3 71 3
1 53 43
3 68 62
2 73 53
2 60 74
2 38 28
4 18 75
4 48 2
1 61 79
2 19 3
2 55 42
2 72 62
2 78 40
2 8 63
1 46 18
2 39 37
4 59 25
1 59 19
3 40 67
3 4 52
4 51 8
1 24 56
3 24 76
2 6 67
1 9 51
1 50 34
1 53 76
1 40 13
1 60 37
4 43 10
1 16 23
3 16 60
3 78 27
1 39 17
1 77 10
2 14 6
3 10 66
1 26 75
2 6 70
4 31 69
1 22 37
1 51 61
4 2 79
2 22 12
2 49 73
2 45 31
2 44 45
2 44 37
2 32 76
2 74 73
1 39 7
3 28 67
1 56 53
4 67 24
1 23 24
1 69 26
2 8 49
3 7 48
2 51 10
1 21 25
1 40 26
2 6 17
4 78 47
4 7 5
1 50 31
1 34 32
4 13 54
3 17 6
1 41 3
2 75 10
1 58 39
2 20 13
1 31 18
2 12 5
4 62 36
2 57 59
1 41 28
3 30 26
2 69 13
2 61 26
2 54 32
3 48 37
1 51 42
1 1 70
1 38 29
3 41 21
1 28 58
4 72 38
1 62 34
3 3 20
1 73 23
4 37 24
1 15 70
1 12 58
2 78 17
1 57 9
4 79 19
1 19 8
2 15 49
4 14 35
4 72 33
1 52 41
1 27 52
2 59 64
1 4 33
4 74 55
2 56 28
1 29 35
1 35 30
1 55 28
1 53 18
2 70 41
3 28 48
1 74 77
4 55 43
2 13 31
1 40 31
4 53 37
1 51 33
1 58 73
4 5 79
1 1 70
2 2 39
4 52 40
4 46 70
2 72 27
1 42 34
2 33 71
4 32 53
1 37 9
1 16 63
1 17 29
2 0 64
4 51 25
1 19 20
1 0 24
3 33 15
3 71 10
1 60 41
4 14 8
4 42 36
1 20 17
1 57 65
4 37 19
3 12 18
2 67 25
1 48 31
1 62 12
1 10 29
1 5 17
3 56 30
2 40 60
4 10 52
3 13 58
2 59 10
2 78 23
2 0 52
4 21 75
4 31 56
3 76 36
2 18 16
4 20 13
3 12 14
3 71 8
2 31 53
4 34 38
4 31 67
1 78 27
1 17 63
4 50 27
1 53 6
2 25 37
1 10 17
1 65 56
4 59 36
4 20 76
3 4 51
4 56 8
4 41 61
1 63 75
2 40 1
2 67 33
4 39 59
1 77 16
4 57 16
2 4 62
1 15 41
1 16 51
4 49 60
2 65 39
2 10 69
4 70 77
4 17 54
2 29 16
2 78 53
2 74 25
2 64 67
3 46 44
3 44 1
2 66 52
2 1 7
2 68 48
4 0 34
1 24 23
4 31 44
2 26 23
1 56 67
1 15 75
1 45 8
3 4 23
3 79 36
1 44 51
4 15 21
1 44 32
3 60 61
2 71 44
4 45 37
4 65 59
2 59 63
1 5 20
1 14 5
2 6 73
1 21 41
2 42 22
1 25 53
1 28 40
1 35 77
2 56 17
2 31 21
2 19 69
1 20 5
1 23 28
1 45 0
1 75 29
3 72 60
2 57 16
1 22 40
4 75 69
2 45 28
1 35 3
1 38 65
4 35 18
1 62 42
1 18 21
2 10 51
1 60 62
3 19 25
1 31 12
1 67 5
3 33 23
3 75 36
1 72 5
2 34 65
4 33 52
4 13 38
3 54 62
3 70 69
3 75 8
2 54 78
2 44 43
3 57 14
1 14 48
3 5 51
2 10 34
2 17 64
4 19 21
1 41 78
4 55 40
1 58 2
1 48 59
2 68 11
2 44 9
2 42 37
2 66 51
2 17 71
2 11 6
1 69 5
1 15 33
2 40 30
1 20 41
1 7 9
4 63 2
2 41 18
1 55 0
2 41 30
4 30 39
1 31 9
1 67 34
4 35 74
3 8 35
1 51 36
1 50 17
4 40 54
2 24 28
2 42 18
3 23 9
4 56 73
2 6 51
4 32 73
3 46 51
4 72 34
2 20 31
4 27 8
4 22 55
4 52 23
4 13 40
2 52 77
4 69 74
2 60 73
1 65 12
4 7 11
2 16 58
1 53 20
2 40 58
2 68 47
1 61 46
2 15 11
2 41 6
1 5 27
2 16 32
2 13 35
2 31 39
1 56 11
1 38 53
2 11 24
1 64 44
1 78 15
2 10 68
1 16 63
1 3 16
4 25 11
2 26 18
1 42 45
1 37 76
2 60 66
1 28 74
2 65 66
4 14 74
3 20 12
1 27 4
1 12 1
3 78 52
2 60 53
2 48 10
1 57 5
2 71 11
4 38 66
1 7 27
1 49 51
1 62 67
3 45 36
2 7 58
2 64 63
1 43 74
4 46 15
2 5 33
2 11 28
4 17 37
2 31 11
1 46 45
1 3 45
2 51 52
1 47 20
4 71 51
2 46 41
4 61 63
3 69 76
1 59 43
2 77 44
1 51 73
3 76 36
1 41 1
1 48 56
2 66 4
1 51 15
3 63 72
2 46 74
1 40 49
2 11 16
3 15 64
2 10 22
1 41 30
3 17 34
2 5 24
3 8 50
2 24 32
4 52 33
2 9 46
3 38 12
1 39 59
4 23 13
4 32 38
1 78 63
2 36 65
2 47 67
4 66 34
2 63 29
1 73 79
4 64 78
2 63 45
2 4 50
4 8 43
1 10 29
4 59 13
1 37 56
2 56 39
1 25 44
1 42 18
2 18 68
3 72 35
4 0 53
4 66 29
2 54 23
2 70 69
1 47 12
2 21 68
2 65 56
4 67 60
3 35 3
3 64 2
2 23 6
4 61 9
2 4 14
1 27 60
1 12 1
1 2 37
2 4 50
1 5 35
1 9 0
4 69 55
1 59 44
3 51 49
2 33 79
1 72 76
2 7 39
3 61 38
4 53 20
4 62 36
3 8 36
3 29 78
1 63 70
2 34 36
1 49 34
2 13 70
2 34 36
1 64 45
4 18 79
1 4 29
4 38 56
2 39 16
1 10 59
3 37 64
3 74 41
2 33 78
2 49 45
3 44 62
2 75 24
2 23 41
1 27 18
4 30 52
2 9 52
2 61 31
4 48 33
2 4 13
4 1 28
1 63 18
1 65 13
2 11 55
4 78 3
2 46 35
1 13 15
1 4 60
1 49 21
3 18 57
1 9 75
2 11 40
3 57 17
2 37 64
3 69 64
2 46 3
1 36 24
4 16 34
2 19 26
1 4 69
3 75 56
2 77 62
4 42 33
4 31 21
2 5 42
2 66 76
1 0 32
2 8 43
2 58 37
4 29 59
4 29 61
3 61 70
2 32 78
3 42 64
1 52 77
2 66 68
3 11 12
4 38 52
2 52 12
1 26 42
2 22 41
4 37 74
3 53 48
1 40 6
3 7 62
2 47 6
4 54 41
4 78 63
3 39 45
1 59 3
4 42 14
1 25 28
4 23 32
4 63 14
3 58 62
2 31 40
3 7 22
3 44 57
3 14 70
1 47 2
2 56 13
2 49 72
2 45 26
3 76 58
1 42 50
1 52 23
4 27 59
4 61 69
4 25 22
3 16 47
1 26 30
1 59 7
4 24 29
1 54 77
1 32 78
4 16 12
1 56 29
1 44 30
2 32 48
1 17 54
2 75 23
4 3 74
2 12 43
2 16 53
1 57 31
4 49 62
4 31 16
1 9 25
1 60 44
4 35 59
3 1 5
2 31 37
1 48 53
2 5 55
4 28 0
4 26 44
1 27 29
2 41 23
2 67 10
4 56 16
2 2 0
1 25 16
4 9 75
3 53 17
1 36 59
4 18 55
1 39 0
2 15 79
3 73 21
1 6 57
3 78 21
4 19 34
3 75 1
2 5 78
3 36 8
1 70 32
4 30 9
3 48 38
2 52 39
3 41 17
4 50 72
2 35 21
1 54 52
2 21 20
2 45 3
2 5 28
2 5 38
3 38 34
3 62 30
3 6 17
2 55 61
3 31 66
4 52 66
2 61 53
1 14 48
2 50 35
3 6 32
2 4 73
2 21 14
1 2 65
2 37 35
1 58 48
2 46 57
3 15 64
1 20 59
1 44 22
4 79 66
1 22 28
2 64 67
2 24 2
3 37 43
1 59 46
4 67 21
2 7 31
1 24 75
2 59 11
2 75 11
2 77 42
3 6 42
2 58 26
1 0 76
3 7 59
4 20 8
1 46 3
1 59 37
2 72 2
3 70 52
2 15 5
2 74 73
2 25 74
1 6 52
2 4 43
2 24 11
1 20 75
4 75 10
3 2 57
4 50 70
1 53 73
2 41 19
1 11 14
3 29 68
1 37 71
3 46 25
1 26 55
4 44 27
2 75 60
3 68 35
1 63 40
4 54 61
1 56 35
4 42 0
1 3 34
1 13 19
4 38 41
2 53 59
2 65 49
1 65 7
4 70 24
1 59 51
2 71 48
2 27 18
3 76 68
2 24 67
2 32 55
2 31 32
3 0 43
1 65 76
3 72 19
1 1 56
2 75 52
2 29 17
3 51 79
4 65 21
1 19 54
3 11 68
1 50 24
4 9 17
2 75 10
1 54 22
1 12 58
1 75 33
3 19 23
1 61 53
2 28 57
2 17 48
4 1 72
1 7 70
2 5 77
4 68 46
2 19 36
1 27 20
3 39 52
2 39 71
1 73 24
3 21 58
4 52 29
3 21 51
1 74 27
2 59 43
3 44 26
4 61 10
3 74 46
2 71 7
2 41 34
1 70 31
3 13 51
4 40 46
1 33 27
3 54 47
4 37 73
1 73 40
1 62 74
1 53 37
2 43 37
1 59 71
4 51 60
2 7 56
1 52 29
1 21 10
1 37 16
1 79 58
2 26 65
2 16 44
2 27 17
2 40 12
3 29 20
1 57 78
1 11 58
2 22 42
1 46 28
1 39 24
4 59 60
1 49 9
2 47 15
1 69 36
2 10 21
1 42 49
2 33 52
2 17 54
3 1 28
1 14 61
1 34 55
1 58 56
2 17 0
1 48 61
1 58 38
1 63 5
1 33 59
2 12 29
2 58 45
4 12 32
4 60 11
1 47 50
3 73 47
4 56 13
3 46 36
1 42 36
2 51 35
2 49 55
1 34 60
2 46 31
2 23 30
4 32 30
1 65 31
1 42 9
1 21 70
3 64 23
1 32 52
1 56 7
2 58 72
3 34 40
4 62 39
2 78 29
1 48 57
1 4 30
1 65 13
1 73 49
4 13 76
1 23 71
2 5 64
1 28 22
1 63 33
4 23 70
1 72 12
1 46 5
1 26 57
2 29 71
1 61 54
1 75 40
2 72 43
2 56 6
3 3 60
2 58 71
1 3 15
2 50 56
4 73 64
2 68 45
1 8 53
2 38 68
3 57 40
2 12 30
1 67 47
2 55 60
2 38 31
3 50 27
2 10 16
1 35 43
1 59 52
4 58 79
2 64 65
3 46 31
2 73 46
3 51 43
2 0 36
1 35 28
1 5 35
1 26 34
2 11 39
3 45 6
2 4 16
3 69 1
4 55 56
4 75 20
2 28 25
1 21 43
1 45 29
4 57 27
1 32 23
1 59 21
