1
50 1000
1 0 1
3 38 42
1 1 3
3 39 45
1 2 5
3 8 39
2 3 7
4 42 11
2 4 9
3 7 44
2 5 11
4 24 3
1 6 13
4 42 15
1 7 15
4 10 13
1 8 17
4 40 33
1 9 19
3 37 21
1 10 21
4 9 21
1 11 23
4 27 13
1 12 25
3 23 33
2 13 27
4 18 3
2 14 29
4 12 33
2 15 31
3 36 24
1 16 33
3 3 23
1 17 35
4 35 45
1 18 37
4 9 6
1 19 39
4 30 32
1 20 41
3 4 34
1 21 43
3 7 4
1 22 45
4 12 30
2 23 47
4 48 6
2 24 49
3 41 19
2 25 1
3 32 37
1 26 3
3 7 44
1 27 5
4 20 48
1 28 7
4 18 32
1 29 9
3 28 18
1 30 11
3 38 49
1 31 13
3 44 19
1 32 15
3 19 13
2 33 17
3 9 39
2 34 19
3 44 40
2 35 21
4 3 29
1 36 23
4 41 16
1 37 25
4 19 12
1 38 27
3 40 21
1 39 29
3 45 42
1 40 31
4 6 28
1 41 33
4 47 37
1 42 35
4 15 46
2 43 37
3 48 25
2 44 39
3 40 22
2 45 41
3 39 25
1 46 43
3 27 3
1 47 45
3 21 7
1 48 47
3 15 31
1 49 0
3 8 46
2 0 2
3 30 9
2 1 4
4 11 9
2 2 6
3 40 21
2 3 8
4 19 44
2 4 10
4 17 16
1 5 12
4 26 21
2 6 14
4 49 25
2 7 16
3 8 2
1 8 18
3 32 2
1 9 20
4 23 38
2 10 22
4 41 29
2 11 24
3 24 26
2 12 26
3 25 0
2 13 28
3 23 31
2 14 30
4 30 0
1 15 32
4 5 2
2 16 34
4 39 48
2 17 36
4 28 38
1 18 38
3 38 46
1 19 40
3 9 4
2 20 42
4 34 40
2 21 44
3 25 38
2 22 46
4 34 44
2 23 48
3 45 31
2 24 0
4 31 47
1 25 2
4 6 22
2 26 4
4 1 46
2 27 6
3 12 27
1 28 8
3 13 5
1 29 10
4 43 6
2 30 12
4 36 21
2 31 14
4 36 33
2 32 16
3 2 13
2 33 18
3 18 17
2 34 20
3 0 16
1 35 22
4 4 26
2 36 24
4 34 41
2 37 26
4 32 43
1 38 28
4 30 35
1 39 30
4 19 35
2 40 32
3 49 21
2 41 34
3 1 41
2 42 36
4 41 29
2 43 38
3 10 35
2 44 40
4 20 9
1 45 42
3 46 37
2 46 44
3 31 27
2 47 46
3 33 47
2 48 49
3 5 12
1 49 0
4 19 16
1 0 3
3 25 24
2 1 5
4 14 29
1 2 7
3 48 44
1 3 9
4 36 16
2 4 11
3 2 5
2 5 13
4 7 16
2 6 15
4 27 4
1 7 17
4 17 21
2 8 19
4 32 47
1 9 21
4 18 5
1 10 23
4 13 6
2 11 25
3 44 36
1 12 27
3 32 1
1 13 29
3 22 40
2 14 31
4 26 1
2 15 33
4 40 4
2 16 35
4 5 12
1 17 37
3 40 17
2 18 39
4 34 7
1 19 41
3 10 37
1 20 43
3 12 5
2 21 45
4 10 32
1 22 47
4 17 25
1 23 49
3 47 26
2 24 1
4 17 26
2 25 3
4 43 29
2 26 5
4 41 0
1 27 7
3 41 22
2 28 9
3 43 15
1 29 11
3 33 20
1 30 13
3 33 28
2 31 15
3 47 44
1 32 17
4 42 25
1 33 19
4 49 15
2 34 21
4 15 34
2 35 23
4 11 4
2 36 25
3 10 17
1 37 27
4 46 40
2 38 29
3 0 38
1 39 31
4 5 29
1 40 33
4 10 24
2 41 35
3 21 5
1 42 37
3 48 40
1 43 39
3 2 8
2 44 41
3 47 16
2 45 43
4 45 44
2 46 45
3 6 11
1 47 48
4 42 7
2 48 49
4 30 48
1 49 1
4 29 4
2 0 4
3 40 17
1 1 6
3 17 5
1 2 8
3 3 28
1 3 10
4 27 18
1 4 12
4 3 9
1 5 14
3 20 10
1 6 16
4 4 24
1 7 18
4 49 35
2 8 20
4 35 47
2 9 22
4 2 0
2 10 24
3 0 38
1 11 26
3 49 10
1 12 28
4 2 10
1 13 30
3 5 2
1 14 32
3 34 25
1 15 34
3 15 39
1 16 36
4 45 35
1 17 38
4 18 36
2 18 40
3 38 37
2 19 42
3 17 32
2 20 44
3 0 45
1 21 46
4 18 25
1 22 48
3 40 22
1 23 0
4 31 18
1 24 2
3 44 8
1 25 4
4 28 45
1 26 6
3 41 21
1 27 8
4 41 47
2 28 10
3 40 36
2 29 12
3 43 6
2 30 14
4 14 42
1 31 16
4 14 39
1 32 18
3 25 23
1 33 20
3 36 12
1 34 22
4 7 49
1 35 24
3 35 38
1 36 26
3 17 21
1 37 28
3 5 30
2 38 30
4 9 43
2 39 32
4 22 28
2 40 34
4 18 3
1 41 36
3 0 34
1 42 38
4 8 12
1 43 40
3 1 44
1 44 42
4 45 17
1 45 44
4 40 32
2 46 47
3 43 22
1 47 48
4 40 49
2 48 0
4 36 37
2 49 2
4 24 4
2 0 5
3 6 42
2 1 7
4 16 20
2 2 9
3 15 45
1 3 11
3 9 22
2 4 13
3 33 7
1 5 15
3 22 9
2 6 17
4 29 41
2 7 19
3 11 40
2 8 21
3 9 2
1 9 23
3 34 27
2 10 25
4 3 41
2 11 27
3 31 14
2 12 29
4 25 31
1 13 31
3 43 12
2 14 33
4 12 9
1 15 35
4 39 12
2 16 37
4 0 13
2 17 39
4 33 36
2 18 41
3 26 14
1 19 43
3 15 11
2 20 45
3 34 24
2 21 47
4 5 10
2 22 49
3 5 18
1 23 1
3 43 15
2 24 3
3 21 5
1 25 5
3 8 45
2 26 7
3 13 26
2 27 9
4 27 45
2 28 11
4 16 34
1 29 13
4 26 0
2 30 15
3 34 10
2 31 17
4 48 47
2 32 19
3 22 11
1 33 21
3 28 14
2 34 23
3 46 32
1 35 25
3 16 34
2 36 27
3 27 42
2 37 29
4 49 3
2 38 31
4 30 8
1 39 33
4 31 44
2 40 35
4 29 39
2 41 37
3 49 17
2 42 39
3 43 48
1 43 41
4 41 49
2 44 43
3 9 11
2 45 46
4 24 11
2 46 47
4 37 49
2 47 49
3 20 12
2 48 1
4 2 33
1 49 3
3 47 41
1 0 6
4 10 25
2 1 8
4 21 39
2 2 10
4 44 9
2 3 12
4 12 29
1 4 14
3 43 41
2 5 16
4 23 37
2 6 18
4 7 25
2 7 20
3 4 30
1 8 22
4 17 13
2 9 24
3 45 17
1 10 26
4 26 33
2 11 28
4 39 29
2 12 30
3 9 19
2 13 32
3 43 32
1 14 34
4 24 42
2 15 36
4 18 28
2 16 38
4 47 23
2 17 40
3 40 25
1 18 42
3 32 19
2 19 44
3 41 26
1 20 46
3 44 36
2 21 48
4 27 38
2 22 0
3 16 6
2 23 2
4 35 12
1 24 4
3 10 39
2 25 6
4 0 10
2 26 8
3 11 29
2 27 10
4 13 6
1 28 12
3 14 26
2 29 14
4 1 27
1 30 16
4 25 24
2 31 18
3 34 14
2 32 20
4 5 0
2 33 22
3 39 37
1 34 24
4 17 40
2 35 26
4 29 5
2 36 28
3 40 15
2 37 30
4 48 44
1 38 32
4 24 8
2 39 34
4 17 22
1 40 36
4 10 3
2 41 38
4 28 31
2 42 40
3 32 28
2 43 42
3 3 32
1 44 45
4 23 31
2 45 46
4 48 32
2 46 48
4 10 16
2 47 0
4 16 8
1 48 2
3 17 20
2 49 4
4 30 27
2 0 7
4 45 20
1 1 9
3 9 37
2 2 11
3 16 12
1 3 13
4 42 4
1 4 15
4 32 35
1 5 17
3 47 4
1 6 19
3 29 49
2 7 21
3 49 25
2 8 23
3 49 36
2 9 25
4 39 15
2 10 27
3 9 40
1 11 29
3 46 0
2 12 31
4 45 21
1 13 33
4 17 24
1 14 35
4 0 8
1 15 37
4 42 4
1 16 39
4 42 27
2 17 41
3 29 0
2 18 43
4 1 22
2 19 45
4 48 13
2 20 47
4 26 3
1 21 49
3 44 19
2 22 1
4 35 43
1 23 3
3 19 38
1 24 5
3 23 7
1 25 7
4 35 49
1 26 9
3 46 2
2 27 11
3 15 23
2 28 13
4 12 20
2 29 15
4 1 11
2 30 17
4 38 45
1 31 19
3 48 31
2 32 21
3 11 32
1 33 23
4 29 3
1 34 25
3 30 36
1 35 27
3 40 31
1 36 29
3 20 2
2 37 31
4 48 18
2 38 33
3 41 38
2 39 35
4 19 14
2 40 37
4 29 6
1 41 39
3 16 22
2 42 41
4 17 25
2 43 44
3 2 41
1 44 45
4 10 40
1 45 47
3 8 25
1 46 49
3 2 20
2 47 1
3 11 13
2 48 3
3 43 20
2 49 5
3 44 30
2 0 8
3 8 30
1 1 10
3 38 39
1 2 12
3 45 1
2 3 14
4 44 7
2 4 16
4 49 35
1 5 18
4 7 31
1 6 20
3 42 33
1 7 22
3 44 28
1 8 24
3 44 41
1 9 26
4 43 9
2 10 28
3 23 18
1 11 30
4 40 6
1 12 32
4 24 15
2 13 34
3 29 5
2 14 36
3 23 1
1 15 38
3 25 1
1 16 40
4 22 35
1 17 42
3 0 30
1 18 44
3 32 48
1 19 46
3 32 24
2 20 48
3 18 39
1 21 0
3 6 2
1 22 2
3 16 10
2 23 4
4 46 15
2 24 6
3 47 21
1 25 8
4 39 45
1 26 10
4 29 47
1 27 12
3 42 40
1 28 14
3 31 18
1 29 16
4 29 15
2 30 18
4 11 32
1 31 20
3 42 6
1 32 22
3 11 24
2 33 24
4 44 41
2 34 26
4 35 6
1 35 28
4 3 18
1 36 30
3 32 44
1 37 32
3 11 2
1 38 34
4 48 24
1 39 36
4 10 17
2 40 38
3 47 11
1 41 40
4 6 46
2 42 43
4 47 14
2 43 44
3 3 4
2 44 46
3 22 23
1 45 48
4 36 20
1 46 0
3 0 20
1 47 2
3 1 16
1 48 4
3 33 5
1 49 6
4 11 30
1 0 9
4 33 19
1 1 11
4 42 18
2 2 13
3 34 19
2 3 15
4 25 12
1 4 17
4 38 34
2 5 19
4 48 24
1 6 21
3 20 43
2 7 23
3 33 38
1 8 25
4 28 10
2 9 27
3 34 32
1 10 29
3 43 33
1 11 31
4 13 14
2 12 33
4 8 29
2 13 35
3 8 47
1 14 37
4 2 19
2 15 39
4 30 12
1 16 41
4 6 22
2 17 43
3 32 39
1 18 45
3 15 9
2 19 47
3 36 12
1 20 49
4 6 41
1 21 1
4 30 37
2 22 3
3 24 27
2 23 5
3 34 3
1 24 7
4 7 17
2 25 9
3 43 5
1 26 11
3 7 47
2 27 13
4 16 14
1 28 15
4 40 15
2 29 17
4 4 26
1 30 19
3 4 12
1 31 21
3 43 46
2 32 23
4 15 37
2 33 25
4 31 9
1 34 27
4 38 26
2 35 29
3 29 14
1 36 31
3 48 20
2 37 33
4 36 17
1 38 35
3 4 8
2 39 37
3 34 44
1 40 39
3 12 2
2 41 42
3 23 4
2 42 43
4 17 32
2 43 45
3 29 23
1 44 47
3 19 49
2 45 49
3 36 8
1 46 1
4 49 44
2 47 3
3 48 10
1 48 5
3 20 15
2 49 7
4 4 41
1 0 10
4 26 23
2 1 12
4 16 46
1 2 14
4 9 31
1 3 16
4 11 34
1 4 18
3 29 39
2 5 20
3 7 2
2 6 22
4 43 42
1 7 24
3 21 9
2 8 26
4 1 2
2 9 28
4 16 25
1 10 30
3 41 31
2 11 32
4 39 4
1 12 34
4 12 26
1 13 36
4 12 27
1 14 38
4 2 7
2 15 40
4 11 41
2 16 42
3 17 10
1 17 44
4 9 42
2 18 46
4 9 22
2 19 48
3 35 47
1 20 0
3 35 47
2 21 2
3 30 15
1 22 4
3 23 38
1 23 6
3 49 40
1 24 8
4 27 42
2 25 10
4 6 3
2 26 12
3 42 18
1 27 14
4 18 34
2 28 16
4 44 45
2 29 18
3 40 17
1 30 20
4 16 48
2 31 22
3 46 15
1 32 24
4 35 17
1 33 26
4 32 31
1 34 28
3 41 11
2 35 30
4 46 11
2 36 32
4 27 30
1 37 34
3 48 24
2 38 36
4 40 8
2 39 38
3 6 14
1 40 41
3 18 46
2 41 42
3 43 23
1 42 44
3 26 15
1 43 46
4 27 10
1 44 48
4 25 15
2 45 0
3 4 16
2 46 2
4 2 28
1 47 4
3 43 44
2 48 6
4 9 12
2 49 8
3 34 5
