10
19 86
15 9
16 19
3 4
5 3
19 2
3 16
4 13
9 10
3 15
12 5
2 9
12 6
4 7
11 14
11 6
1 6
15 6
8 12
12 17
4 15
6 14
5 13
5 6
13 12
16 13
1 13
4 5
19 3
18 16
14 1
1 17
4 18
6 13
5 14
4 17
2 13
19 1
2 3
7 12
15 2
7 14
15 16
8 3
18 19
19 15
18 13
14 16
14 8
15 1
10 11
17 6
4 11
9 16
10 18
6 7
9 18
2 4
12 2
19 4
17 18
13 17
3 14
9 7
16 17
12 14
14 9
5 19
19 17
13 15
5 2
8 19
17 3
16 11
4 16
8 13
3 1
5 16
4 12
13 10
9 5
11 12
6 2
18 11
9 3
17 7
4 1
19 86
16 18
2 13
12 4
8 17
17 1
4 17
4 8
17 10
3 11
3 9
16 11
8 2
10 3
2 6
12 16
17 14
17 3
15 14
16 3
17 7
15 5
11 14
7 10
15 2
10 5
11 13
1 18
6 9
16 13
4 3
7 6
1 4
18 14
14 13
17 5
14 12
6 8
15 17
6 11
8 14
1 7
12 10
5 11
16 10
13 15
10 14
10 1
19 4
10 8
7 11
3 6
10 11
14 19
14 5
7 5
7 19
9 13
1 12
7 12
9 15
14 4
1 11
16 1
16 8
8 13
10 15
9 8
18 6
7 8
8 15
15 16
1 14
15 3
2 3
13 5
4 18
15 4
19 1
7 15
6 1
8 19
9 12
19 9
12 11
13 4
12 6
19 86
13 4
16 19
1 13
15 19
16 10
14 16
5 12
9 13
4 14
1 18
8 14
14 19
5 19
7 14
16 18
7 8
15 4
5 9
19 17
9 3
13 18
1 6
18 7
16 15
3 8
19 6
3 2
13 10
2 8
17 4
8 18
11 5
8 17
13 7
15 14
13 17
8 19
10 12
4 1
14 1
5 4
12 6
9 8
18 19
12 13
4 3
11 16
9 10
4 18
3 19
12 17
11 15
3 16
8 12
2 18
6 3
14 3
10 11
6 7
6 5
9 6
3 7
17 7
1 12
9 7
7 11
9 11
9 19
15 17
13 19
17 18
16 4
9 1
6 2
9 12
10 8
2 17
3 17
15 8
14 9
1 3
19 11
16 1
16 12
15 5
6 4
19 86
16 15
14 1
1 16
17 16
8 4
11 4
9 12
14 10
8 9
17 9
5 7
19 13
1 2
9 16
19 10
9 15
3 14
11 6
15 6
9 7
2 15
5 14
17 10
18 13
15 7
17 14
13 8
5 3
13 4
13 10
17 13
8 5
4 3
1 5
3 12
15 17
12 8
6 18
8 1
3 8
11 8
17 5
10 7
15 19
16 18
4 2
6 2
15 10
1 18
3 18
2 14
17 6
5 11
11 14
13 15
17 2
6 19
16 5
4 18
7 1
6 3
14 18
4 12
4 17
6 9
10 1
19 12
13 3
7 19
7 6
18 8
12 1
18 12
15 8
12 13
8 10
6 13
13 14
7 8
9 2
14 19
9 13
11 16
3 1
16 14
13 2
19 86
9 13
19 10
3 7
12 8
10 5
10 4
11 3
16 14
1 7
15 18
2 16
12 7
8 3
1 2
6 7
8 17
2 3
2 9
13 18
13 7
1 4
14 18
7 18
18 12
13 5
14 6
13 16
4 2
18 9
10 3
11 5
5 19
16 7
15 9
13 8
6 10
15 19
6 19
18 4
1 18
18 17
9 1
3 16
18 5
11 14
17 12
13 1
4 11
13 15
1 10
8 16
7 9
5 4
16 19
8 18
15 14
12 5
14 12
1 11
17 9
10 9
11 9
12 15
9 3
16 4
5 3
19 8
8 4
19 9
13 19
1 14
4 13
8 6
18 19
10 14
4 14
13 12
10 18
3 14
4 19
17 11
9 5
16 17
4 12
14 7
2 15
19 86
11 12
3 4
9 14
10 17
12 15
2 19
4 6
8 4
12 1
4 17
8 9
18 14
9 3
1 19
8 16
17 1
19 6
7 5
19 14
3 15
16 12
1 4
18 4
7 12
7 16
18 5
19 9
15 9
15 1
8 19
1 3
11 7
12 6
5 10
9 13
19 4
12 19
12 9
13 12
5 17
17 8
4 12
11 13
6 3
9 4
15 18
8 5
2 1
9 6
12 3
19 16
18 13
16 3
13 17
12 14
15 10
6 17
18 11
9 17
18 16
13 15
1 9
7 18
4 11
17 16
16 5
2 8
12 10
19 5
1 14
11 8
14 2
7 4
15 19
2 6
13 10
1 5
16 10
13 2
3 5
17 14
11 9
5 2
8 10
14 10
8 3
19 86
15 9
16 13
5 16
8 12
6 9
6 3
14 17
17 5
3 8
3 2
13 15
1 12
7 8
9 4
8 1
15 17
17 7
18 3
6 4
1 2
12 11
6 13
13 14
18 10
11 9
12 7
16 4
6 12
6 10
16 19
12 2
3 1
8 15
11 17
9 18
10 9
12 17
14 12
9 16
15 12
8 9
14 9
5 1
7 11
5 15
18 11
3 16
12 19
13 12
16 12
15 18
10 12
7 4
9 2
10 2
18 16
16 2
10 3
3 14
5 7
11 19
9 19
17 8
14 19
18 5
1 16
3 12
16 15
13 9
11 2
10 14
1 9
10 15
7 19
19 1
17 10
16 8
19 17
5 12
5 9
19 4
18 19
14 7
13 1
18 1
2 19
19 86
10 18
11 1
11 14
12 8
14 16
8 18
15 2
2 9
2 17
17 9
6 3
16 1
8 4
5 11
3 8
9 12
15 4
17 13
3 5
19 9
10 17
14 9
1 4
18 17
1 3
4 18
8 5
14 5
9 16
10 13
6 12
12 7
8 7
16 6
16 12
15 1
8 9
2 19
2 1
6 9
6 1
7 6
5 12
19 16
14 3
12 3
5 2
15 10
17 15
19 17
13 1
11 17
19 14
2 3
11 8
9 1
4 16
2 16
11 16
17 7
19 4
8 13
17 14
12 1
11 13
17 5
15 8
19 5
6 13
3 18
4 5
7 10
6 18
1 5
8 14
8 2
7 19
10 9
19 12
3 11
18 2
11 6
4 11
6 8
10 19
11 10
19 86
19 8
1 19
15 3
3 16
6 2
9 15
6 8
11 17
16 6
19 10
9 2
12 2
4 3
16 15
1 2
19 7
9 5
7 1
2 14
8 17
1 6
15 19
16 9
1 15
19 12
1 10
14 12
13 4
18 16
5 19
6 7
18 15
6 4
10 8
11 13
8 18
8 3
15 14
9 13
16 17
5 1
12 7
14 6
5 2
11 6
14 10
14 17
12 15
8 7
12 6
1 9
10 7
14 4
11 5
12 4
17 13
7 16
1 18
19 2
11 3
5 18
9 8
17 5
1 13
11 19
17 12
13 16
9 4
19 9
15 13
11 1
3 13
13 10
6 17
11 9
5 8
13 6
2 10
19 14
17 15
18 2
3 19
7 17
10 5
17 3
14 18
19 86
1 3
10 12
5 1
2 12
1 2
6 8
19 6
14 2
1 7
9 6
3 2
17 19
1 15
16 18
5 13
18 15
14 16
11 13
2 7
19 14
11 6
5 8
16 6
5 2
6 3
13 15
18 3
11 5
3 16
13 14
17 9
16 8
14 4
4 12
4 3
14 8
10 3
18 7
7 4
16 12
11 15
18 19
5 17
18 17
7 5
10 4
3 12
9 2
8 15
4 11
5 16
17 6
18 2
18 11
19 2
2 13
11 17
6 12
1 19
13 7
15 19
14 15
13 12
6 13
17 16
12 19
1 9
10 17
7 8
18 14
14 1
3 17
8 3
8 9
2 17
18 4
6 10
5 9
15 4
6 14
16 2
10 2
7 6
8 11
7 14
8 17
