100
432
1056
1519
2021
3019
3971
4416
4649
5132
5434
5612
5787
6120
6499
7126
7726
7982
8501
9175
9676
10430
11343
11992
12471
13353
14269
15156
15345
15704
16448
16973
17913
18192
18862
19386
19900
20055
20380
20864
21801
22780
22908
23532
23731
24148
24368
24524
25311
25858
26666
27463
28386
29253
29704
30349
31304
31405
31934
32473
32938
33656
33842
34073
34604
35556
36025
36727
37010
37589
38116
38558
38699
39684
40313
41125
41681
41917
42760
42925
43243
43811
44041
44980
45194
46171
46775
47724
48394
48682
49209
49665
50048
50661
51491
52466
52988
53842
54088
54865
55697
