100
386
993
1528
2261
2395
3394
4232
4923
5862
6414
7008
7958
8846
9778
10320
11012
11618
11864
12626
13084
13567
13724
14170
14816
15222
15478
16284
16726
17327
17840
18181
18304
18868
19129
20093
20901
21858
22544
23193
23612
24235
24407
24857
25604
26453
26890
27823
28226
28920
29510
29743
30217
30766
31552
32352
32923
33383
34349
34752
35494
36150
36537
36875
37095
37910
38853
39133
39763
40549
40732
41345
41807
42325
42623
42925
43182
43482
43980
44627
45301
45566
45801
46578
46757
46885
47177
47901
48593
48742
49220
50112
50575
50733
51023
51779
51885
52621
52793
53154
53413
