20
10 20
9475
218
1240
3248
8718
1826
2938
6846
2969
1931
3 10
2 5
3 8
1 10
1 7
2 3
9 10
4 5
1 9
2 6
4 10
2 8
1 3
4 9
7 8
2 10
3 9
1 4
5 10
4 6
2 10 1
2 1 6
2 3 5
0 8
2 2 5
2 1 4
2 2 7
2 7 4
1 7 4983
0 1
2 3 1
0 2
0 3
2 9 4
2 6 1
2 10 7
2 2 2
2 5 3
2 8 1
1 3 8614
2 1 6
1 6 8569
2 2 2
0 18
2 4 7
1 9 1028
2 9 3
2 5 1
2 6 1
2 6 4
2 10 1
1 6 8075
2 5 5
2 3 6
0 4
1 5 5971
2 5 4
2 4 2
2 9 1
2 1 3
0 5
0 15
2 7 3
2 2 5
2 1 7
0 16
0 14
0 9
0 6
0 11
2 5 1
2 1 1
3
10 20
1200
2297
4355
9803
5127
3592
9912
7495
2024
2718
6 9
1 5
3 5
2 3
6 8
1 6
3 7
6 7
1 2
1 7
8 10
3 9
5 7
2 8
8 9
1 4
4 5
6 10
2 6
2 5
2 10 1
2 1 1
3
10 20
7814
4882
-100
5796
3357
5439
560
6868
1026
4588
3 6
5 6
2 5
4 5
7 8
4 10
2 8
2 7
7 10
3 7
6 7
1 9
1 6
2 6
2 4
2 9
1 5
1 8
7 9
2 10
2 10 1
2 1 1
3
10 20
9262
8675
311
2204
1359
3542
6882
5453
3037
3771
2 5
8 10
4 9
4 10
2 9
6 7
5 10
4 8
2 7
5 7
1 6
4 6
4 5
5 6
7 9
1 9
9 10
1 8
1 5
7 10
2 10 1
2 1 1
3
10 20
370
598
1510
1082
5796
3555
867
9725
4990
8386
1 2
3 5
7 10
2 3
1 8
7 9
2 8
4 8
2 10
3 7
5 10
5 8
3 4
1 4
8 10
2 5
4 6
5 7
1 9
2 4
2 10 1
2 1 1
3
10 20
3411
8306
6521
5379
8851
4076
4257
-3
2738
2235
1 2
3 10
2 7
2 4
3 4
8 10
3 9
4 7
1 3
1 5
4 8
1 4
4 10
6 10
6 8
4 5
1 9
5 9
2 10
6 7
2 10 1
2 1 1
3
10 20
3595
624
729
3969
770
8331
7174
4878
3173
8186
6 10
2 6
4 9
4 8
1 8
6 9
4 6
3 9
9 10
6 8
2 10
1 9
5 8
6 7
5 9
2 9
4 5
4 7
3 10
1 5
2 10 1
2 1 1
3
10 20
3047
5747
9145
1264
5894
2903
1478
6952
7704
9744
2 7
1 3
4 5
1 10
2 5
7 10
6 9
7 9
1 4
1 7
2 3
7 8
3 5
8 10
4 6
5 10
9 10
3 6
4 8
1 8
2 10 1
2 1 1
3
10 20
3469
6066
4371
2875
3892
8611
8623
3305
6963
3031
2 7
3 8
1 2
9 10
1 10
5 9
6 10
1 5
3 10
1 6
7 8
3 4
4 10
2 10
2 5
6 8
4 6
1 4
4 7
3 7
2 10 1
2 1 1
3
10 20
8322
3664
7164
9309
2898
4390
3515
629
8149
9069
6 10
1 8
1 5
3 6
2 5
3 5
1 10
7 9
1 9
3 4
7 8
6 8
4 7
1 2
4 9
3 8
5 10
9 10
2 4
2 8
2 10 1
2 1 1
3
10 20
1226
5289
5499
4194
8326
6284
7278
7956
7897
620
2 9
3 8
6 9
5 8
4 8
2 3
5 6
5 9
4 7
1 5
4 6
1 9
2 7
1 4
3 4
8 9
2 5
7 10
1 6
1 10
2 10 1
2 1 1
3
10 20
3428
6206
6531
9043
3191
1230
495
649
9079
6255
3 4
2 4
7 9
1 3
6 9
4 5
7 10
3 7
1 8
8 10
4 10
2 5
3 6
3 10
4 9
2 10
2 8
2 9
5 6
5 7
2 10 1
2 1 1
3
10 20
4121
4326
544
3669
8079
6342
9898
1137
1054
5796
1 9
1 2
1 3
5 9
6 8
2 6
5 6
1 6
7 9
2 8
4 8
1 8
1 7
2 3
5 7
3 7
2 4
5 8
2 10
8 10
2 10 1
2 1 1
3
10 20
5517
9574
4252
5914
1619
3637
-91
8741
833
9561
3 7
4 6
8 10
6 10
3 5
1 3
1 4
4 9
3 4
5 6
1 5
2 9
5 10
2 8
3 8
5 8
9 10
6 8
2 3
1 2
2 10 1
2 1 1
3
10 20
7124
5807
9482
625
5890
9787
301
4096
8013
4330
2 5
8 9
1 8
1 6
1 5
4 6
5 8
3 8
4 10
3 4
5 10
8 10
6 9
3 7
2 3
7 8
4 7
1 3
1 4
1 2
2 10 1
2 1 1
3
10 20
9015
2102
9617
4873
6089
1164
6100
2061
4457
3952
7 10
3 8
2 5
7 9
4 10
3 10
4 8
1 4
4 6
5 8
1 7
2 10
5 6
1 10
3 6
1 8
1 3
5 10
2 8
1 5
2 10 1
2 1 1
3
10 20
1497
2431
9514
3299
4944
934
7530
5061
3674
9373
3 10
4 6
2 5
2 8
1 6
2 10
1 3
5 8
5 9
4 10
6 10
4 7
2 4
5 10
3 9
9 10
3 7
5 7
6 7
2 6
2 10 1
2 1 1
3
10 20
6918
4208
7603
7506
7657
2189
4795
6876
3656
9207
2 9
1 6
2 5
4 7
1 2
7 10
1 4
6 10
4 8
3 9
1 8
7 9
5 7
1 9
5 9
4 10
3 7
2 7
2 8
4 5
2 10 1
2 1 1
3
10 20
8725
8936
2468
7187
8751
5193
9663
1184
8860
4598
4 6
3 6
2 10
2 7
4 10
2 6
5 8
1 2
3 9
6 8
3 7
2 9
7 8
5 7
8 10
7 10
7 9
8 9
2 3
1 8
2 10 1
2 1 1
3
10 20
4258
6046
6677
4019
8641
6452
6857
3561
4398
2996
2 6
2 5
4 8
1 8
2 4
7 8
3 6
1 6
6 8
5 6
4 6
3 8
3 5
2 3
4 9
5 10
2 9
1 3
3 9
7 9
2 10 1
2 1 1
3
