10
500 505
4715
3574
4229
1534
3
2413
4665
5813
7733
5271
2556
9313
3593
2376
5260
2631
5630
97
7568
6955
7695
4371
6170
8379
7629
6773
642
5564
9722
8507
343
2373
-95
7964
7537
1727
6328
2582
9924
9521
1800
9294
6116
8802
9330
5283
6575
3276
304
9928
6669
4875
4216
6328
1880
482
5796
1303
3523
4808
5430
5713
5727
5945
3222
5730
9034
7220
8747
2493
1775
6606
2059
8915
4534
6225
3157
3014
6548
3560
7895
5588
9791
4925
5673
2560
7429
4391
6868
1327
3885
3961
6678
3989
2136
7475
6586
384
5151
1105
3261
9921
740
8392
8303
4777
4049
2339
1479
2103
1206
3117
6951
6166
8798
3851
9203
5114
231
7652
7631
4909
7042
7516
269
7385
6801
2302
4998
3995
5824
360
4779
7985
2878
9895
3743
8431
9339
8481
874
8721
1850
607
4424
4206
3048
364
6878
9604
3826
-100
7370
7601
8965
4345
5900
2244
5588
3548
4678
7669
4984
5294
9786
4187
4427
6675
2524
8981
6593
7207
6338
1631
8196
5194
5718
798
5989
8226
8951
4607
7342
8052
3603
2121
1016
5371
1068
6343
8201
9872
4055
4192
3506
166
1680
2961
8741
9508
8964
5120
4246
9193
7015
3813
9380
8536
9898
5958
1887
8692
7419
2669
6369
8339
7445
7354
690
7931
6430
3557
6796
6919
8379
3034
5879
6076
5891
6713
7795
6516
9596
2331
4599
9611
9693
1024
6998
3641
2157
9816
8125
7235
26
8799
5381
5734
446
7515
1815
2829
4127
9470
113
8586
8668
614
8748
384
1758
3818
4062
8960
6367
37
895
4156
6212
3221
674
9053
5535
3368
3985
2155
4141
3004
796
937
1646
9027
1250
557
1099
414
4678
1599
8480
9520
5772
4879
1286
6249
3170
6943
7810
4843
7568
2072
546
8790
1971
9858
3002
7923
1930
350
1026
1085
2919
4817
6359
1248
291
6785
6169
600
9989
3158
6814
9856
2351
5736
9602
7880
4638
9713
5828
4998
1980
2248
2605
8733
1681
9449
6861
9543
830
4947
8237
3847
9794
700
433
8705
5239
2184
9431
170
4742
2948
738
5940
8168
8150
2675
7260
6632
6924
416
4088
987
1981
2181
2252
3332
4419
725
8230
7212
1149
4443
4693
53
7461
3130
781
141
5654
4530
3553
9220
4325
6970
5762
5811
6407
4207
4408
8805
7246
2415
490
7949
8583
6515
8089
3445
6146
4509
4944
3145
3928
2905
1780
3310
8071
5562
4971
1093
2383
9127
5974
2585
3849
2487
679
2649
546
6513
1143
8003
9602
7180
3645
5550
1
7815
2677
133
11
312
1406
2671
6066
4514
8269
5835
6098
7498
3722
8528
7394
2631
8722
9436
6861
6241
2970
8283
6127
8549
5121
4050
5990
8784
8394
7838
4762
4303
9345
535
8457
2472
233
8479
4141
2263
-85
66
8585
236
7696
1604
1481
7317
1712
8024
658
6365
3772
8121
7370
9362
4262
5663
575
8815
4249
2447
5300
4238
4170
4499
6128
7445
7756
9447
8520
1 2
2 3
3 4
4 5
5 6
6 7
7 8
8 9
9 10
10 11
11 12
12 13
13 14
14 15
15 16
16 17
17 18
18 19
19 20
20 21
21 22
22 23
23 24
24 25
25 26
26 27
27 28
28 29
29 30
30 31
31 32
32 33
33 34
34 35
35 36
36 37
37 38
38 39
39 40
40 41
41 42
42 43
43 44
44 45
45 46
46 47
47 48
48 49
49 50
50 51
51 52
52 53
53 54
54 55
55 56
56 57
57 58
58 59
59 60
60 61
61 62
62 63
63 64
64 65
65 66
66 67
67 68
68 69
69 70
70 71
71 72
72 73
73 74
74 75
75 76
76 77
77 78
78 79
79 80
80 81
81 82
82 83
83 84
84 85
85 86
86 87
87 88
88 89
89 90
90 91
91 92
92 93
93 94
94 95
95 96
96 97
97 98
98 99
99 100
100 101
101 102
102 103
103 104
104 105
105 106
106 107
107 108
108 109
109 110
110 111
111 112
112 113
113 114
114 115
115 116
116 117
117 118
118 119
119 120
120 121
121 122
122 123
123 124
124 125
125 126
126 127
127 128
128 129
129 130
130 131
131 132
132 133
133 134
134 135
135 136
136 137
137 138
138 139
139 140
140 141
141 142
142 143
143 144
144 145
145 146
146 147
147 148
148 149
149 150
150 151
151 152
152 153
153 154
154 155
155 156
156 157
157 158
158 159
159 160
160 161
161 162
162 163
163 164
164 165
165 166
166 167
167 168
168 169
169 170
170 171
171 172
172 173
173 174
174 175
175 176
176 177
177 178
178 179
179 180
180 181
181 182
182 183
183 184
184 185
185 186
186 187
187 188
188 189
189 190
190 191
191 192
192 193
193 194
194 195
195 196
196 197
197 198
198 199
199 200
200 201
201 202
202 203
203 204
204 205
205 206
206 207
207 208
208 209
209 210
210 211
211 212
212 213
213 214
214 215
215 216
216 217
217 218
218 219
219 220
220 221
221 222
222 223
223 224
224 225
225 226
226 227
227 228
228 229
229 230
230 231
231 232
232 233
233 234
234 235
235 236
236 237
237 238
238 239
239 240
240 241
241 242
242 243
243 244
244 245
245 246
246 247
247 248
248 249
249 250
250 251
251 252
252 253
253 254
254 255
255 256
256 257
257 258
258 259
259 260
260 261
261 262
262 263
263 264
264 265
265 266
266 267
267 268
268 269
269 270
270 271
271 272
272 273
273 274
274 275
275 276
276 277
277 278
278 279
279 280
280 281
281 282
282 283
283 284
284 285
285 286
286 287
287 288
288 289
289 290
290 291
291 292
292 293
293 294
294 295
295 296
296 297
297 298
298 299
299 300
300 301
301 302
302 303
303 304
304 305
305 306
306 307
307 308
308 309
309 310
310 311
311 312
312 313
313 314
314 315
315 316
316 317
317 318
318 319
319 320
320 321
321 322
322 323
323 324
324 325
325 326
326 327
327 328
328 329
329 330
330 331
331 332
332 333
333 334
334 335
335 336
336 337
337 338
338 339
339 340
340 341
341 342
342 343
343 344
344 345
345 346
346 347
347 348
348 349
349 350
350 351
351 352
352 353
353 354
354 355
355 356
356 357
357 358
358 359
359 360
360 361
361 362
362 363
363 364
364 365
365 366
366 367
367 368
368 369
369 370
370 371
371 372
372 373
373 374
374 375
375 376
376 377
377 378
378 379
379 380
380 381
381 382
382 383
383 384
384 385
385 386
386 387
387 388
388 389
389 390
390 391
391 392
392 393
393 394
394 395
395 396
396 397
397 398
398 399
399 400
400 401
401 402
402 403
403 404
404 405
405 406
406 407
407 408
408 409
409 410
410 411
411 412
412 413
413 414
414 415
415 416
416 417
417 418
418 419
419 420
420 421
421 422
422 423
423 424
424 425
425 426
426 427
427 428
428 429
429 430
430 431
431 432
432 433
433 434
434 435
435 436
436 437
437 438
438 439
439 440
440 441
441 442
442 443
443 444
444 445
445 446
446 447
447 448
448 449
449 450
450 451
451 452
452 453
453 454
454 455
455 456
456 457
457 458
458 459
459 460
460 461
461 462
462 463
463 464
464 465
465 466
466 467
467 468
468 469
469 470
470 471
471 472
472 473
473 474
474 475
475 476
476 477
477 478
478 479
479 480
480 481
481 482
482 483
483 484
484 485
485 486
486 487
487 488
488 489
489 490
490 491
491 492
492 493
493 494
494 495
495 496
496 497
497 498
498 499
499 500
1 500
33 128
35 253
490 499
135 478
31 379
2 500 1
1 24 7327
2 345 2
2 172 3
2 115 4
1 397 9285
1 237 7661
2 233 2
1 243 3428
1 488 2625
0 97
0 106
2 292 1
1 238 9859
1 309 1104
2 35 1
0 299
0 221
0 173
1 188 3398
1 104 8966
0 331
1 478 6328
0 491
2 407 3
2 452 4
0 407
2 41 4
0 294
2 249 1
0 26
1 183 7909
0 131
0 345
0 436
2 446 2
1 254 9455
0 180
0 288
2 48 3
1 193 2457
2 252 4
2 319 4
2 210 2
1 447 2750
2 173 1
2 322 2
0 122
1 89 7669
1 461 4471
2 327 1
0 241
2 16 4
0 244
2 451 4
0 24
1 375 7923
0 130
0 420
2 114 3
2 180 4
0 444
1 82 7143
0 64
1 411 3307
0 66
2 411 2
2 283 4
1 304 9745
2 468 4
2 26 2
0 181
1 104 8558
1 205 6935
2 286 1
2 175 3
2 65 2
0 315
2 107 3
2 209 3
0 469
0 15
2 363 3
1 260 6009
0 36
1 56 3751
1 280 702
2 301 2
0 293
2 66 1
0 150
1 203 7141
2 23 3
1 335 2852
0 284
2 193 3
0 482
0 133
1 108 5620
0 473
2 433 2
1 64 8551
1 499 7918
1 456 2235
1 392 4913
0 378
2 387 4
1 134 4310
1 301 2886
0 483
0 275
0 435
1 263 1598
2 324 2
1 224 2229
1 483 1492
0 239
2 374 4
2 460 3
2 356 4
2 102 3
2 11 1
1 283 9877
1 150 2602
0 230
1 151 2791
0 163
0 295
0 437
1 271 7451
0 246
2 161 1
2 175 2
2 438 1
2 248 2
2 216 4
0 166
1 11 695
2 246 4
0 75
0 504
0 289
2 237 1
2 151 2
2 294 1
1 496 8977
2 400 3
0 456
0 304
2 72 4
2 68 1
0 379
0 154
1 302 71
1 12 4455
0 303
0 171
1 268 8460
0 159
0 438
1 210 1476
0 430
1 66 2155
0 305
0 16
0 151
0 362
1 142 914
0 458
1 115 6021
2 209 1
1 386 9457
1 168 9656
1 491 6012
2 41 1
1 499 4343
2 330 3
2 317 4
0 282
0 155
2 325 1
0 95
1 96 9145
1 37 6538
0 455
2 6 2
0 306
1 287 8897
2 106 2
1 302 2046
0 1
2 194 4
0 73
1 155 1456
1 406 3150
2 133 2
1 28 6662
0 332
2 398 4
2 133 4
0 358
2 229 1
2 140 2
1 68 6259
1 21 2810
2 145 4
2 217 1
2 432 2
0 40
2 151 3
1 181 6279
2 201 4
2 183 3
0 446
1 466 6846
0 19
0 91
2 406 3
2 197 2
2 210 3
0 499
2 359 1
0 333
2 313 3
1 75 2243
2 282 1
1 273 5266
1 219 6897
0 366
1 62 7649
2 385 1
0 51
1 119 6863
0 6
0 367
2 238 1
0 142
1 234 6383
2 348 3
2 310 1
0 495
1 5 6530
0 164
0 213
1 28 5813
1 306 6489
0 259
1 158 2286
2 361 2
1 376 9213
2 24 4
1 340 625
1 492 4918
2 225 1
1 323 1544
0 492
1 161 9956
2 68 3
2 125 4
0 318
1 235 3506
0 311
0 198
1 254 1810
0 2
1 71 4787
2 253 5
2 194 2
2 231 3
1 380 921
1 144 5347
0 411
2 179 2
1 167 5211
1 339 6172
1 307 6027
2 136 2
1 401 7065
0 168
0 60
1 376 7197
0 228
2 163 1
2 245 3
0 195
0 337
2 390 2
2 448 4
1 449 7410
0 334
1 74 444
0 310
1 268 6546
0 252
0 13
1 291 5455
2 363 1
2 116 4
0 218
1 184 592
0 329
2 198 4
0 54
0 398
2 283 1
1 252 6458
2 106 1
2 318 4
2 492 3
1 209 5827
0 500
2 479 3
0 169
2 389 1
2 285 2
2 338 1
2 471 4
2 253 3
1 180 6306
1 194 2453
1 382 939
0 14
2 348 2
1 493 2598
0 132
1 106 7627
0 199
2 404 4
0 196
0 433
0 494
2 498 2
0 441
2 90 4
2 23 2
1 177 2219
2 200 1
2 499 2
0 140
0 200
2 99 1
1 90 3029
1 241 4125
2 453 4
0 157
2 99 1
0 210
1 58 4749
2 216 3
1 77 6204
1 142 4830
0 201
0 177
1 328 -32
1 236 7926
0 292
0 76
1 260 5010
0 296
2 486 1
1 185 3826
1 400 1021
2 88 2
1 490 2738
0 12
1 288 8332
1 446 9273
2 418 4
1 293 -62
1 494 1972
2 347 4
1 395 3178
2 50 3
2 123 4
1 212 2088
2 346 1
2 410 1
0 68
0 45
1 460 1803
0 276
1 259 5167
0 84
2 206 4
0 96
2 143 3
1 58 2282
2 128 1
2 232 3
1 500 7701
1 334 2820
2 260 4
2 279 2
2 2 2
2 172 4
0 408
2 385 2
0 156
1 156 8735
2 32 3
0 442
1 222 7527
2 120 3
1 480 2874
2 230 1
2 2 3
0 143
1 175 9250
0 211
0 389
0 431
2 354 2
1 485 2433
1 112 4301
2 191 4
1 277 8743
2 51 2
1 84 6629
2 98 2
1 445 1745
1 317 7080
2 201 4
2 443 2
1 241 -51
1 85 2143
2 129 4
0 167
1 425 2552
2 471 1
0 496
2 278 2
1 220 6363
2 298 4
1 467 2483
2 498 1
0 479
0 277
0 281
2 439 2
1 493 7122
2 212 3
0 118
2 452 3
2 38 1
0 373
1 342 587
1 194 598
1 348 1778
1 137 840
2 165 4
0 429
1 78 3531
1 465 3897
1 422 5417
1 339 4686
2 426 4
0 46
2 64 4
1 14 9438
0 399
1 243 3174
2 215 3
2 1 2
2 351 4
1 138 7107
1 241 8447
0 203
1 451 9844
0 39
1 82 8629
0 390
0 340
1 27 919
0 100
1 100 3895
0 348
2 6 2
2 180 1
2 25 4
1 370 6138
1 122 4042
0 287
1 356 8508
1 467 4718
1 25 2232
0 322
2 153 3
0 50
1 207 475
2 38 4
1 462 3333
2 152 1
2 148 2
0 380
0 448
1 410 8302
1 356 7297
0 92
2 386 1
1 352 9683
1 424 5318
0 116
2 442 2
2 323 4
0 262
0 124
1 462 1779
0 134
2 490 3
2 473 2
1 127 2269
0 256
0 404
1 418 3191
1 326 211
1 190 6978
0 232
1 185 8665
2 308 2
2 112 4
0 242
0 254
2 230 2
2 120 3
1 399 9927
0 243
0 126
1 54 6999
2 460 4
1 277 9703
1 61 5783
1 435 5503
1 232 1146
1 237 1072
1 384 9090
2 258 2
2 203 1
1 333 1131
2 61 4
1 453 213
1 36 7328
0 359
0 309
1 273 6437
2 463 4
2 296 1
1 109 5088
0 5
2 29 4
0 283
1 155 6512
0 391
2 429 1
2 286 4
2 159 4
2 342 1
2 492 1
2 126 4
2 396 1
2 2 3
2 255 4
1 127 7800
1 137 5706
1 258 5798
0 339
2 451 4
2 81 2
1 128 2642
2 2 3
0 99
2 240 1
2 444 1
1 490 4649
0 158
0 165
0 229
0 392
0 260
0 174
1 287 1940
0 253
2 462 2
1 67 5150
2 222 2
1 417 4162
1 355 1984
2 330 4
0 470
2 432 2
0 149
0 428
2 252 4
0 439
2 80 1
1 161 6397
0 245
2 39 4
0 440
2 174 4
1 51 534
2 217 2
0 325
1 316 2562
2 309 4
0 202
1 252 7154
1 73 663
0 144
2 356 2
2 34 1
1 72 8011
0 412
2 188 4
0 67
0 493
1 124 2542
2 368 3
2 380 2
2 128 3
0 17
2 84 2
2 341 4
0 247
0 240
0 350
0 231
2 17 4
2 126 1
1 132 6059
0 497
2 382 1
2 409 4
0 443
2 39 2
2 145 4
1 349 2936
2 123 2
0 326
2 388 4
2 239 2
0 278
2 227 4
0 101
1 183 4424
0 472
1 12 3004
0 98
2 28 4
1 318 2012
0 454
1 122 966
0 484
2 222 2
1 217 3774
2 382 3
0 233
0 220
2 381 2
0 222
2 133 2
2 43 4
0 29
2 335 3
0 223
0 227
0 176
0 307
2 71 2
2 273 4
0 119
1 348 6178
2 154 2
2 334 4
0 255
0 363
1 17 1998
2 172 4
2 405 4
2 235 1
0 93
2 305 3
2 168 1
2 146 4
2 28 3
1 170 1361
0 63
0 111
1 14 1843
2 20 2
1 220 1054
2 24 1
2 215 1
1 333 1517
1 291 9308
0 248
0 69
2 138 3
2 244 1
1 340 5973
0 102
2 439 1
2 443 2
1 250 6754
1 217 3358
2 419 2
0 377
2 205 3
0 234
0 369
0 376
0 505
0 338
2 244 4
2 83 1
0 183
1 3 2557
0 351
2 42 1
1 232 5454
0 421
2 82 4
0 459
2 491 4
2 474 3
2 250 2
0 321
2 158 3
2 362 4
1 188 8009
0 224
1 205 772
0 88
1 113 5499
0 152
1 193 8949
1 199 2686
0 427
0 25
0 94
1 141 1281
2 323 2
0 120
2 172 3
1 227 7775
1 54 7423
0 445
0 27
0 474
2 375 1
0 319
1 27 9790
1 399 9272
1 217 6505
1 95 7358
1 384 987
0 128
2 287 2
1 429 397
1 471 9763
0 297
2 79 2
0 290
2 452 4
1 276 9832
0 434
1 125 7420
0 485
1 481 8198
0 38
1 321 71
2 57 3
0 89
0 382
2 164 3
0 460
2 178 2
1 305 2724
1 414 6600
0 405
1 416 9278
2 350 4
0 86
2 84 3
1 111 4617
1 117 9029
0 381
0 285
2 14 1
2 99 4
2 82 3
0 298
0 498
0 374
2 35 4
2 236 4
1 340 3846
2 76 1
1 129 1887
2 208 3
2 331 3
0 383
1 463 2641
0 172
1 320 2970
1 285 659
1 298 391
1 274 8706
0 341
0 261
0 286
1 451 6122
1 239 8449
2 126 1
0 393
0 52
1 172 4416
0 3
1 209 8547
0 170
0 291
2 130 3
2 332 1
1 120 5156
1 353 422
0 312
0 409
1 389 1998
2 203 4
2 308 2
1 318 4037
0 225
1 281 9011
1 25 3826
1 394 4208
1 308 4726
1 35 5382
0 384
0 385
1 73 1292
0 77
0 300
2 227 1
1 195 3759
2 302 3
1 164 3938
2 131 3
2 388 1
0 394
2 71 4
0 71
0 48
1 36 1071
2 135 4
1 365 4965
0 395
1 95 7191
2 65 1
0 103
2 39 2
1 198 9793
0 419
0 226
1 318 8759
1 481 7187
1 259 5509
1 122 8192
2 178 4
2 180 4
0 194
1 140 9401
0 160
0 104
2 279 4
0 342
2 341 3
1 331 2075
0 406
1 288 7011
2 192 4
2 21 1
2 220 4
1 133 6375
2 181 1
2 493 3
0 11
1 189 8458
1 393 6383
1 174 8119
0 82
1 412 5118
1 91 5986
2 78 4
2 164 1
1 364 3340
0 217
1 122 7098
0 235
2 210 3
2 42 3
0 110
2 370 3
0 236
0 215
2 416 1
1 56 9580
0 115
0 21
2 130 3
2 175 2
1 319 723
1 333 3042
0 74
0 137
0 192
0 204
2 33 5
1 449 4850
0 182
1 124 1161
2 20 4
0 197
2 254 2
2 181 3
1 302 1447
1 145 7945
2 142 2
0 4
0 486
1 164 1968
1 145 4662
0 424
1 303 1020
0 123
1 58 7389
1 200 6363
1 341 8257
0 386
1 148 8112
0 301
1 115 5781
2 431 3
2 184 1
1 169 838
1 221 3156
2 260 4
1 377 5561
0 467
1 384 558
0 56
0 114
0 112
1 167 7570
2 57 3
2 422 3
0 503
1 451 9027
0 175
1 244 2087
2 295 1
0 178
2 29 1
0 447
2 332 3
0 466
0 327
0 47
2 91 1
1 331 9782
0 237
0 432
1 128 2221
2 176 4
0 489
0 238
0 32
0 415
2 129 3
2 21 1
0 396
0 28
0 335
0 206
2 221 2
0 70
2 300 2
1 289 3727
2 69 1
0 53
2 387 2
0 127
2 411 2
1 24 861
0 186
1 132 6245
0 397
1 458 6511
1 456 9833
1 346 1049
1 224 3736
0 402
1 119 1749
2 1 1
3
500 505
5303
5326
2524
1596
2707
1898
9610
6874
6965
7453
8831
5522
174
6803
4695
7975
6821
1626
3272
8573
693
4967
7849
645
500
5188
824
7702
7759
8611
2789
4644
559
6660
2218
4674
3032
5198
5484
5927
7567
5446
4332
515
6682
6064
166
882
469
4941
6638
8505
1648
2715
6544
1203
7819
5724
6358
4454
382
5511
3582
9502
8860
7293
4881
9341
227
4735
7956
59
8308
650
8951
2067
4911
3236
7359
1558
4689
9351
5315
7686
3528
4472
2651
7454
5450
770
882
9069
1366
2394
4908
6256
9641
4919
36
9832
1533
7301
5272
7092
7857
8077
5096
6234
5989
7617
9236
1029
9377
9526
491
4200
6274
6388
3959
6151
9789
1598
2756
7127
7676
3146
1646
2650
5737
2411
9896
4307
3102
4709
5769
2575
3439
3009
571
6026
6761
2676
3617
2771
9956
3501
8108
8567
9807
6009
5162
8038
3912
3341
400
5185
5038
1764
8763
7083
3451
3750
538
8655
1665
6126
666
2351
7353
6835
8879
744
7420
3501
643
1266
1852
9731
7423
6967
1729
1469
1050
564
7447
1256
1207
7894
4372
8770
6555
9628
1822
4037
9542
9655
4310
3284
4237
8002
4455
9551
3195
5714
1982
6844
6351
6959
3647
8059
8723
1378
3039
4283
6280
8335
6549
2978
1965
5866
153
2035
5144
8426
5125
9376
9167
38
9723
8572
8644
1881
8601
2131
2001
4826
8666
1864
7685
6022
3337
2671
4225
9678
9791
5639
1734
3280
8931
4110
8470
9796
4904
8594
7403
8688
9844
4754
8078
8146
8066
2350
3219
3268
7034
-73
7170
3548
4290
6039
9596
2500
1449
2332
-54
1252
3175
804
3322
2419
3505
5891
2852
6319
8464
5446
9396
7720
1314
2311
2572
9987
7233
8059
2151
9963
3406
5174
5850
4528
1807
9304
7280
8206
4404
9910
8720
1838
426
6155
4016
3350
3106
1876
4274
6204
8964
3433
6885
7173
8160
9178
-2
359
5142
1418
9728
1629
1143
3760
311
8555
-36
3666
1677
4522
3007
7166
5498
9194
5289
9660
2340
3799
2864
7340
7593
1972
1410
8176
7771
6896
1949
7538
3740
8855
7669
2360
3459
624
4015
6535
2147
6604
6031
9736
5027
3465
2184
2800
8257
1620
3721
1090
6372
3775
1147
857
7188
8071
2310
1531
6751
4230
6474
8922
9779
7586
1132
7670
4993
3276
5334
5566
8671
1340
1991
4701
2250
3946
7121
628
286
667
-62
6394
4568
-63
3697
1415
693
369
8852
9386
922
2051
3323
7403
7120
4630
4192
9771
6681
3691
1939
8075
5231
2029
210
6954
7502
5636
4157
7360
5237
6378
2997
4520
5840
7700
6383
5316
4999
1340
7072
7204
6757
478
9518
721
855
9624
5500
5847
3291
8272
4064
5525
8422
5667
4379
-35
3628
4198
4130
5948
5442
5019
2906
4327
5109
2957
2483
9983
9538
7745
5495
4716
6286
4591
40
6892
1199
5158
5373
1554
4997
3251
6550
3659
3902
9598
1539
9028
3632
3087
8193
107
4158
856
1 2
2 3
3 4
4 5
5 6
6 7
7 8
8 9
9 10
10 11
11 12
12 13
13 14
14 15
15 16
16 17
17 18
18 19
19 20
20 21
21 22
22 23
23 24
24 25
25 26
26 27
27 28
28 29
29 30
30 31
31 32
32 33
33 34
34 35
35 36
36 37
37 38
38 39
39 40
40 41
41 42
42 43
43 44
44 45
45 46
46 47
47 48
48 49
49 50
50 51
51 52
52 53
53 54
54 55
55 56
56 57
57 58
58 59
59 60
60 61
61 62
62 63
63 64
64 65
65 66
66 67
67 68
68 69
69 70
70 71
71 72
72 73
73 74
74 75
75 76
76 77
77 78
78 79
79 80
80 81
81 82
82 83
83 84
84 85
85 86
86 87
87 88
88 89
89 90
90 91
91 92
92 93
93 94
94 95
95 96
96 97
97 98
98 99
99 100
100 101
101 102
102 103
103 104
104 105
105 106
106 107
107 108
108 109
109 110
110 111
111 112
112 113
113 114
114 115
115 116
116 117
117 118
118 119
119 120
120 121
121 122
122 123
123 124
124 125
125 126
126 127
127 128
128 129
129 130
130 131
131 132
132 133
133 134
134 135
135 136
136 137
137 138
138 139
139 140
140 141
141 142
142 143
143 144
144 145
145 146
146 147
147 148
148 149
149 150
150 151
151 152
152 153
153 154
154 155
155 156
156 157
157 158
158 159
159 160
160 161
161 162
162 163
163 164
164 165
165 166
166 167
167 168
168 169
169 170
170 171
171 172
172 173
173 174
174 175
175 176
176 177
177 178
178 179
179 180
180 181
181 182
182 183
183 184
184 185
185 186
186 187
187 188
188 189
189 190
190 191
191 192
192 193
193 194
194 195
195 196
196 197
197 198
198 199
199 200
200 201
201 202
202 203
203 204
204 205
205 206
206 207
207 208
208 209
209 210
210 211
211 212
212 213
213 214
214 215
215 216
216 217
217 218
218 219
219 220
220 221
221 222
222 223
223 224
224 225
225 226
226 227
227 228
228 229
229 230
230 231
231 232
232 233
233 234
234 235
235 236
236 237
237 238
238 239
239 240
240 241
241 242
242 243
243 244
244 245
245 246
246 247
247 248
248 249
249 250
250 251
251 252
252 253
253 254
254 255
255 256
256 257
257 258
258 259
259 260
260 261
261 262
262 263
263 264
264 265
265 266
266 267
267 268
268 269
269 270
270 271
271 272
272 273
273 274
274 275
275 276
276 277
277 278
278 279
279 280
280 281
281 282
282 283
283 284
284 285
285 286
286 287
287 288
288 289
289 290
290 291
291 292
292 293
293 294
294 295
295 296
296 297
297 298
298 299
299 300
300 301
301 302
302 303
303 304
304 305
305 306
306 307
307 308
308 309
309 310
310 311
311 312
312 313
313 314
314 315
315 316
316 317
317 318
318 319
319 320
320 321
321 322
322 323
323 324
324 325
325 326
326 327
327 328
328 329
329 330
330 331
331 332
332 333
333 334
334 335
335 336
336 337
337 338
338 339
339 340
340 341
341 342
342 343
343 344
344 345
345 346
346 347
347 348
348 349
349 350
350 351
351 352
352 353
353 354
354 355
355 356
356 357
357 358
358 359
359 360
360 361
361 362
362 363
363 364
364 365
365 366
366 367
367 368
368 369
369 370
370 371
371 372
372 373
373 374
374 375
375 376
376 377
377 378
378 379
379 380
380 381
381 382
382 383
383 384
384 385
385 386
386 387
387 388
388 389
389 390
390 391
391 392
392 393
393 394
394 395
395 396
396 397
397 398
398 399
399 400
400 401
401 402
402 403
403 404
404 405
405 406
406 407
407 408
408 409
409 410
410 411
411 412
412 413
413 414
414 415
415 416
416 417
417 418
418 419
419 420
420 421
421 422
422 423
423 424
424 425
425 426
426 427
427 428
428 429
429 430
430 431
431 432
432 433
433 434
434 435
435 436
436 437
437 438
438 439
439 440
440 441
441 442
442 443
443 444
444 445
445 446
446 447
447 448
448 449
449 450
450 451
451 452
452 453
453 454
454 455
455 456
456 457
457 458
458 459
459 460
460 461
461 462
462 463
463 464
464 465
465 466
466 467
467 468
468 469
469 470
470 471
471 472
472 473
473 474
474 475
475 476
476 477
477 478
478 479
479 480
480 481
481 482
482 483
483 484
484 485
485 486
486 487
487 488
488 489
489 490
490 491
491 492
492 493
493 494
494 495
495 496
496 497
497 498
498 499
499 500
1 500
229 393
180 468
21 407
156 226
2 161
2 500 1
2 1 1
3
500 505
2905
4757
7172
701
6122
2753
1297
8555
4327
50
6766
2523
6867
3711
1419
2412
3246
9557
8625
5151
6834
3008
3753
753
1321
4958
8293
5181
5620
4153
4005
4626
727
8013
3176
9193
2050
8682
7708
3494
6761
5240
2799
2720
7976
2664
800
7257
2171
4626
2704
6776
1425
9501
5346
7683
81
4948
-65
5441
8844
3604
4972
6144
3905
6071
9012
3947
9605
187
2861
9578
8985
482
9954
789
6889
5904
6240
9155
3853
6782
8747
2537
5761
2595
2031
70
7125
2993
4232
5446
436
8792
5664
8486
2624
5424
6296
5685
630
6308
2780
5453
9540
3928
4492
5449
7648
1512
6126
5864
6600
5787
4298
9043
2546
971
9141
6436
688
9735
9910
6885
4297
307
4660
250
6535
7963
8696
505
6095
7188
2646
7819
7531
3037
1209
9194
7931
9271
7726
6654
8262
4120
6955
8863
2013
5441
5545
3068
949
4099
2239
5426
3681
6678
7151
5403
1727
353
2836
4685
901
2064
433
2169
3433
5470
4902
2528
1582
1829
5877
3633
7627
2696
5691
2679
2626
4690
3407
7642
4439
3014
5747
5457
2565
9103
2007
8747
2796
5031
998
139
1351
8739
6990
8129
8150
226
8559
2272
4384
1147
7218
1720
3914
9940
1671
6498
3054
3629
6758
5278
9635
4349
1532
2094
1567
9401
924
9067
7313
7699
5299
3924
4851
8891
5474
4922
5564
8128
7797
2558
3145
9156
9722
3240
3069
2397
4357
8288
6563
4467
5847
427
4809
3980
8174
9547
3185
9420
7244
1901
2139
732
4122
6189
3709
2577
143
7523
366
2146
4255
1122
5985
379
6844
4445
6394
4029
429
6356
4405
2186
4881
1882
2245
1927
4101
-65
402
3730
2032
4445
9135
308
2822
8400
895
679
9756
4205
1056
7353
4722
1648
3320
9815
7574
4102
8810
-60
9000
1775
1178
5332
8838
730
6923
9705
1542
5869
4703
6888
1866
4073
2795
9625
9651
9868
1401
6911
5131
899
9311
9791
2906
8700
9524
4690
8501
6966
5333
6031
3262
9111
7189
2080
2635
746
9801
8541
8038
5973
3174
5900
5416
2671
6477
7297
1680
5539
6825
9427
915
2387
1353
6465
1447
2484
769
6146
3567
4287
9718
8121
3969
3837
9340
1493
7730
1324
786
4147
7279
4471
8359
620
9211
4148
272
4622
2179
2789
1035
1758
5329
5612
2166
4078
4881
7227
9932
1737
7701
5064
2396
4604
8741
3576
4666
6167
1674
653
6303
8360
6463
8291
2469
9429
-58
530
9355
2714
6687
9717
4073
8304
4175
7788
2719
6116
779
9636
3411
224
8921
5197
4537
6004
2602
6176
6073
4820
5054
4776
8932
7485
6400
7588
2446
8803
7125
8257
4614
6201
3805
7085
1921
893
744
2006
3190
3918
5898
4440
4344
5654
-24
5175
7849
1076
1629
1310
5624
6762
9286
2601
-97
8723
3731
5925
7710
2627
6344
8036
2385
8436
3774
2547
3542
3291
8222
1213
5888
7548
6121
2700
8775
8102
5060
4488
8411
4484
5171
7482
1 2
2 3
3 4
4 5
5 6
6 7
7 8
8 9
9 10
10 11
11 12
12 13
13 14
14 15
15 16
16 17
17 18
18 19
19 20
20 21
21 22
22 23
23 24
24 25
25 26
26 27
27 28
28 29
29 30
30 31
31 32
32 33
33 34
34 35
35 36
36 37
37 38
38 39
39 40
40 41
41 42
42 43
43 44
44 45
45 46
46 47
47 48
48 49
49 50
50 51
51 52
52 53
53 54
54 55
55 56
56 57
57 58
58 59
59 60
60 61
61 62
62 63
63 64
64 65
65 66
66 67
67 68
68 69
69 70
70 71
71 72
72 73
73 74
74 75
75 76
76 77
77 78
78 79
79 80
80 81
81 82
82 83
83 84
84 85
85 86
86 87
87 88
88 89
89 90
90 91
91 92
92 93
93 94
94 95
95 96
96 97
97 98
98 99
99 100
100 101
101 102
102 103
103 104
104 105
105 106
106 107
107 108
108 109
109 110
110 111
111 112
112 113
113 114
114 115
115 116
116 117
117 118
118 119
119 120
120 121
121 122
122 123
123 124
124 125
125 126
126 127
127 128
128 129
129 130
130 131
131 132
132 133
133 134
134 135
135 136
136 137
137 138
138 139
139 140
140 141
141 142
142 143
143 144
144 145
145 146
146 147
147 148
148 149
149 150
150 151
151 152
152 153
153 154
154 155
155 156
156 157
157 158
158 159
159 160
160 161
161 162
162 163
163 164
164 165
165 166
166 167
167 168
168 169
169 170
170 171
171 172
172 173
173 174
174 175
175 176
176 177
177 178
178 179
179 180
180 181
181 182
182 183
183 184
184 185
185 186
186 187
187 188
188 189
189 190
190 191
191 192
192 193
193 194
194 195
195 196
196 197
197 198
198 199
199 200
200 201
201 202
202 203
203 204
204 205
205 206
206 207
207 208
208 209
209 210
210 211
211 212
212 213
213 214
214 215
215 216
216 217
217 218
218 219
219 220
220 221
221 222
222 223
223 224
224 225
225 226
226 227
227 228
228 229
229 230
230 231
231 232
232 233
233 234
234 235
235 236
236 237
237 238
238 239
239 240
240 241
241 242
242 243
243 244
244 245
245 246
246 247
247 248
248 249
249 250
250 251
251 252
252 253
253 254
254 255
255 256
256 257
257 258
258 259
259 260
260 261
261 262
262 263
263 264
264 265
265 266
266 267
267 268
268 269
269 270
270 271
271 272
272 273
273 274
274 275
275 276
276 277
277 278
278 279
279 280
280 281
281 282
282 283
283 284
284 285
285 286
286 287
287 288
288 289
289 290
290 291
291 292
292 293
293 294
294 295
295 296
296 297
297 298
298 299
299 300
300 301
301 302
302 303
303 304
304 305
305 306
306 307
307 308
308 309
309 310
310 311
311 312
312 313
313 314
314 315
315 316
316 317
317 318
318 319
319 320
320 321
321 322
322 323
323 324
324 325
325 326
326 327
327 328
328 329
329 330
330 331
331 332
332 333
333 334
334 335
335 336
336 337
337 338
338 339
339 340
340 341
341 342
342 343
343 344
344 345
345 346
346 347
347 348
348 349
349 350
350 351
351 352
352 353
353 354
354 355
355 356
356 357
357 358
358 359
359 360
360 361
361 362
362 363
363 364
364 365
365 366
366 367
367 368
368 369
369 370
370 371
371 372
372 373
373 374
374 375
375 376
376 377
377 378
378 379
379 380
380 381
381 382
382 383
383 384
384 385
385 386
386 387
387 388
388 389
389 390
390 391
391 392
392 393
393 394
394 395
395 396
396 397
397 398
398 399
399 400
400 401
401 402
402 403
403 404
404 405
405 406
406 407
407 408
408 409
409 410
410 411
411 412
412 413
413 414
414 415
415 416
416 417
417 418
418 419
419 420
420 421
421 422
422 423
423 424
424 425
425 426
426 427
427 428
428 429
429 430
430 431
431 432
432 433
433 434
434 435
435 436
436 437
437 438
438 439
439 440
440 441
441 442
442 443
443 444
444 445
445 446
446 447
447 448
448 449
449 450
450 451
451 452
452 453
453 454
454 455
455 456
456 457
457 458
458 459
459 460
460 461
461 462
462 463
463 464
464 465
465 466
466 467
467 468
468 469
469 470
470 471
471 472
472 473
473 474
474 475
475 476
476 477
477 478
478 479
479 480
480 481
481 482
482 483
483 484
484 485
485 486
486 487
487 488
488 489
489 490
490 491
491 492
492 493
493 494
494 495
495 496
496 497
497 498
498 499
499 500
1 500
303 481
13 239
101 188
116 316
147 336
2 500 1
2 1 1
3
500 505
2172
4347
1078
7711
5531
1610
-17
9764
1406
5812
7274
1734
8763
4639
4924
8285
4875
7643
4837
9157
3271
7369
7810
-43
5566
820
1203
6500
6310
179
2253
-90
7767
1447
7696
2239
7521
8489
5606
2571
-96
577
290
6634
3180
8789
2892
6751
79
4379
4816
1286
933
6724
2547
2940
2378
816
8038
2757
18
8092
6859
7066
6536
4640
5105
5091
9080
5244
1385
9208
8995
2205
4206
6856
3451
1436
3315
1056
-87
4415
8615
9735
1317
4571
8538
5227
2359
9696
8838
4864
5692
2577
9931
6118
6181
244
4449
1289
649
4993
745
2581
1064
4550
3115
3608
2195
9537
4881
4338
1802
3468
6954
7857
3880
6148
4280
9289
2906
6867
1879
876
7530
1063
5548
173
8534
1209
3594
-20
5165
2301
718
9806
3127
3530
1606
9602
779
4827
5710
1488
8815
7277
3203
2825
906
4903
7635
2571
3958
8857
665
4432
8878
9603
2737
2845
3268
9257
1058
5088
5380
9947
3888
4283
7751
6841
2973
2626
6857
7125
663
893
-82
8041
6056
1679
5396
8194
993
6372
7968
4537
5398
1580
5478
7374
5208
8546
2712
2909
-74
6552
6943
6432
3934
1662
3637
6241
2952
-100
3493
5696
-10
1680
4369
4352
3296
6409
6004
2681
3998
2781
2764
6872
7568
2519
8511
7029
3206
8249
1751
160
3484
8417
7310
9335
1865
1
5112
288
8276
6825
8721
8464
7908
2560
3271
5418
6100
42
6374
3822
3891
1190
3862
9852
4768
804
2697
7994
975
7630
6283
1849
9370
1439
4453
2592
4487
3235
2726
7430
4150
4756
7582
831
3584
9501
6610
8386
9395
5631
1609
6555
1545
8416
5164
1021
9
3688
262
8887
2037
5455
8541
9680
5540
3784
2933
7918
5261
900
7460
2976
9992
357
157
5828
6742
1673
8266
8254
6049
5883
7275
4305
6652
2678
9310
3258
6845
230
8512
1266
2301
7170
5729
8583
7680
3005
6431
8266
9263
4648
3413
4863
7388
7598
3832
4304
8661
9853
2251
1406
1684
2928
2168
1030
7504
3102
515
4212
1128
544
6459
4822
9178
630
2761
2573
5951
2728
6059
918
1077
2512
5459
3779
826
9584
5533
5077
122
9163
333
5944
637
5324
2845
2883
4514
6076
6204
6535
1666
9027
3614
4040
8862
3021
5284
3905
9041
9438
3750
8023
4459
3732
3924
8924
6505
748
3916
8252
9631
2239
7983
7781
3591
5903
5216
4194
3485
2627
5494
9329
6602
9059
4306
6483
6334
3628
5020
9444
3242
5287
3641
3714
9483
1331
9498
3152
2216
3516
580
1714
6260
8273
1401
4344
8536
8060
5161
3874
6973
1212
1911
-89
7257
1330
3653
8536
595
9051
2099
7027
5672
9049
7601
9210
8192
3476
5995
4927
9207
875
4224
8931
899
7003
5533
4957
8589
3116
7756
8885
746
1160
5458
6212
6675
9122
4595
397
731
4464
4250
1557
7271
8199
5276
4114
9798
4369
1774
8074
6332
2504
5913
4528
1403
4169
9657
8274
7008
1802
1 2
2 3
3 4
4 5
5 6
6 7
7 8
8 9
9 10
10 11
11 12
12 13
13 14
14 15
15 16
16 17
17 18
18 19
19 20
20 21
21 22
22 23
23 24
24 25
25 26
26 27
27 28
28 29
29 30
30 31
31 32
32 33
33 34
34 35
35 36
36 37
37 38
38 39
39 40
40 41
41 42
42 43
43 44
44 45
45 46
46 47
47 48
48 49
49 50
50 51
51 52
52 53
53 54
54 55
55 56
56 57
57 58
58 59
59 60
60 61
61 62
62 63
63 64
64 65
65 66
66 67
67 68
68 69
69 70
70 71
71 72
72 73
73 74
74 75
75 76
76 77
77 78
78 79
79 80
80 81
81 82
82 83
83 84
84 85
85 86
86 87
87 88
88 89
89 90
90 91
91 92
92 93
93 94
94 95
95 96
96 97
97 98
98 99
99 100
100 101
101 102
102 103
103 104
104 105
105 106
106 107
107 108
108 109
109 110
110 111
111 112
112 113
113 114
114 115
115 116
116 117
117 118
118 119
119 120
120 121
121 122
122 123
123 124
124 125
125 126
126 127
127 128
128 129
129 130
130 131
131 132
132 133
133 134
134 135
135 136
136 137
137 138
138 139
139 140
140 141
141 142
142 143
143 144
144 145
145 146
146 147
147 148
148 149
149 150
150 151
151 152
152 153
153 154
154 155
155 156
156 157
157 158
158 159
159 160
160 161
161 162
162 163
163 164
164 165
165 166
166 167
167 168
168 169
169 170
170 171
171 172
172 173
173 174
174 175
175 176
176 177
177 178
178 179
179 180
180 181
181 182
182 183
183 184
184 185
185 186
186 187
187 188
188 189
189 190
190 191
191 192
192 193
193 194
194 195
195 196
196 197
197 198
198 199
199 200
200 201
201 202
202 203
203 204
204 205
205 206
206 207
207 208
208 209
209 210
210 211
211 212
212 213
213 214
214 215
215 216
216 217
217 218
218 219
219 220
220 221
221 222
222 223
223 224
224 225
225 226
226 227
227 228
228 229
229 230
230 231
231 232
232 233
233 234
234 235
235 236
236 237
237 238
238 239
239 240
240 241
241 242
242 243
243 244
244 245
245 246
246 247
247 248
248 249
249 250
250 251
251 252
252 253
253 254
254 255
255 256
256 257
257 258
258 259
259 260
260 261
261 262
262 263
263 264
264 265
265 266
266 267
267 268
268 269
269 270
270 271
271 272
272 273
273 274
274 275
275 276
276 277
277 278
278 279
279 280
280 281
281 282
282 283
283 284
284 285
285 286
286 287
287 288
288 289
289 290
290 291
291 292
292 293
293 294
294 295
295 296
296 297
297 298
298 299
299 300
300 301
301 302
302 303
303 304
304 305
305 306
306 307
307 308
308 309
309 310
310 311
311 312
312 313
313 314
314 315
315 316
316 317
317 318
318 319
319 320
320 321
321 322
322 323
323 324
324 325
325 326
326 327
327 328
328 329
329 330
330 331
331 332
332 333
333 334
334 335
335 336
336 337
337 338
338 339
339 340
340 341
341 342
342 343
343 344
344 345
345 346
346 347
347 348
348 349
349 350
350 351
351 352
352 353
353 354
354 355
355 356
356 357
357 358
358 359
359 360
360 361
361 362
362 363
363 364
364 365
365 366
366 367
367 368
368 369
369 370
370 371
371 372
372 373
373 374
374 375
375 376
376 377
377 378
378 379
379 380
380 381
381 382
382 383
383 384
384 385
385 386
386 387
387 388
388 389
389 390
390 391
391 392
392 393
393 394
394 395
395 396
396 397
397 398
398 399
399 400
400 401
401 402
402 403
403 404
404 405
405 406
406 407
407 408
408 409
409 410
410 411
411 412
412 413
413 414
414 415
415 416
416 417
417 418
418 419
419 420
420 421
421 422
422 423
423 424
424 425
425 426
426 427
427 428
428 429
429 430
430 431
431 432
432 433
433 434
434 435
435 436
436 437
437 438
438 439
439 440
440 441
441 442
442 443
443 444
444 445
445 446
446 447
447 448
448 449
449 450
450 451
451 452
452 453
453 454
454 455
455 456
456 457
457 458
458 459
459 460
460 461
461 462
462 463
463 464
464 465
465 466
466 467
467 468
468 469
469 470
470 471
471 472
472 473
473 474
474 475
475 476
476 477
477 478
478 479
479 480
480 481
481 482
482 483
483 484
484 485
485 486
486 487
487 488
488 489
489 490
490 491
491 492
492 493
493 494
494 495
495 496
496 497
497 498
498 499
499 500
1 500
142 367
221 462
191 316
38 102
75 411
2 500 1
2 1 1
3
500 505
9098
6274
5212
1644
6153
6592
4886
2234
3388
245
1003
3738
8702
612
121
3330
7046
154
383
7400
7931
1349
6770
1116
1002
1978
9685
6445
552
6217
7542
9039
4298
6206
1250
2935
2075
8616
5509
9562
4351
8031
4450
1345
9544
-10
1820
6128
2072
5276
4877
8994
5054
9234
1553
4880
2857
8051
8777
1474
5537
623
8828
5495
182
1106
9925
6171
760
8780
3497
4419
9489
1592
203
8661
8605
6904
125
9698
8768
2146
-79
4948
2838
2512
6288
4936
2297
4249
7729
2420
290
5281
2428
5991
2047
6022
7020
3835
7755
3946
4764
2099
1754
6883
9476
3602
6663
7916
7106
2957
9890
2336
3870
5377
1899
1904
4013
3187
5258
9791
6028
6754
3166
9898
3145
3986
2248
8748
198
5008
8154
895
2393
9088
5400
8001
3657
-78
1041
8247
-89
7179
6365
4343
6973
1783
1134
4130
4168
4423
2897
1405
1456
8062
2723
6249
1561
2730
222
6136
2815
3874
9390
5506
1159
3090
7049
7403
5556
3954
4361
5770
349
7015
4645
5463
1579
7637
642
8788
9236
1359
4224
7246
9620
9606
977
7828
5133
2656
3518
174
7470
6946
9305
4112
7678
9368
7663
244
9165
6205
6225
4032
124
4167
8966
189
6320
708
7185
9232
6584
4166
3529
9435
73
1953
777
7107
3139
2456
9994
6708
8393
5529
6130
1907
4025
5297
410
7241
7244
8264
5159
4463
2380
5431
3865
6942
1742
-46
5090
659
5257
4170
5568
6993
474
1722
9072
1244
1771
1988
3230
3092
7463
7841
5393
500
5358
462
2406
3034
5970
3747
2748
4464
4221
3663
9789
1474
1318
8178
9543
2065
5490
3505
1968
1024
5286
5779
2275
8755
439
8760
9591
5906
1513
4702
4351
3800
-8
5252
9204
5337
2841
4661
800
4688
1166
7062
5530
8969
7394
8434
8630
3238
8424
6084
6333
5517
4532
873
9817
2172
984
6803
8149
6799
6620
5609
2075
1553
9464
8032
3470
5301
4051
4443
8667
3242
2339
1713
2992
7168
3094
5487
5757
4855
3373
350
3638
599
1749
6459
5417
3378
4494
6122
2327
832
8117
6475
624
8993
5173
6195
2883
3432
4479
8198
9422
9188
2248
961
7087
2081
3076
6759
2270
972
6658
6240
2831
6726
6157
5664
837
231
5360
9722
6580
9630
3151
627
7886
3332
4660
7928
6293
6336
209
-72
577
4148
1182
588
4857
2164
6724
8246
8169
1277
2551
1876
2465
2217
151
4137
9222
4089
8929
615
5095
7951
6520
9205
1530
8851
1742
3573
3714
251
8172
1581
9120
530
6818
5029
5134
9465
8622
720
2806
1413
3648
1589
7129
3398
8528
6398
9521
910
301
1371
5126
7627
3549
8046
9195
1815
6204
4920
2956
3136
8151
5644
230
4623
792
5482
1671
1397
470
793
1965
9478
3250
4516
1426
7640
6354
5172
8422
6628
4595
6880
1121
734
6387
9069
9323
916
5739
4546
9292
5163
8074
9026
7470
8447
7071
7907
9864
7461
5345
7253
1 2
2 3
3 4
4 5
5 6
6 7
7 8
8 9
9 10
10 11
11 12
12 13
13 14
14 15
15 16
16 17
17 18
18 19
19 20
20 21
21 22
22 23
23 24
24 25
25 26
26 27
27 28
28 29
29 30
30 31
31 32
32 33
33 34
34 35
35 36
36 37
37 38
38 39
39 40
40 41
41 42
42 43
43 44
44 45
45 46
46 47
47 48
48 49
49 50
50 51
51 52
52 53
53 54
54 55
55 56
56 57
57 58
58 59
59 60
60 61
61 62
62 63
63 64
64 65
65 66
66 67
67 68
68 69
69 70
70 71
71 72
72 73
73 74
74 75
75 76
76 77
77 78
78 79
79 80
80 81
81 82
82 83
83 84
84 85
85 86
86 87
87 88
88 89
89 90
90 91
91 92
92 93
93 94
94 95
95 96
96 97
97 98
98 99
99 100
100 101
101 102
102 103
103 104
104 105
105 106
106 107
107 108
108 109
109 110
110 111
111 112
112 113
113 114
114 115
115 116
116 117
117 118
118 119
119 120
120 121
121 122
122 123
123 124
124 125
125 126
126 127
127 128
128 129
129 130
130 131
131 132
132 133
133 134
134 135
135 136
136 137
137 138
138 139
139 140
140 141
141 142
142 143
143 144
144 145
145 146
146 147
147 148
148 149
149 150
150 151
151 152
152 153
153 154
154 155
155 156
156 157
157 158
158 159
159 160
160 161
161 162
162 163
163 164
164 165
165 166
166 167
167 168
168 169
169 170
170 171
171 172
172 173
173 174
174 175
175 176
176 177
177 178
178 179
179 180
180 181
181 182
182 183
183 184
184 185
185 186
186 187
187 188
188 189
189 190
190 191
191 192
192 193
193 194
194 195
195 196
196 197
197 198
198 199
199 200
200 201
201 202
202 203
203 204
204 205
205 206
206 207
207 208
208 209
209 210
210 211
211 212
212 213
213 214
214 215
215 216
216 217
217 218
218 219
219 220
220 221
221 222
222 223
223 224
224 225
225 226
226 227
227 228
228 229
229 230
230 231
231 232
232 233
233 234
234 235
235 236
236 237
237 238
238 239
239 240
240 241
241 242
242 243
243 244
244 245
245 246
246 247
247 248
248 249
249 250
250 251
251 252
252 253
253 254
254 255
255 256
256 257
257 258
258 259
259 260
260 261
261 262
262 263
263 264
264 265
265 266
266 267
267 268
268 269
269 270
270 271
271 272
272 273
273 274
274 275
275 276
276 277
277 278
278 279
279 280
280 281
281 282
282 283
283 284
284 285
285 286
286 287
287 288
288 289
289 290
290 291
291 292
292 293
293 294
294 295
295 296
296 297
297 298
298 299
299 300
300 301
301 302
302 303
303 304
304 305
305 306
306 307
307 308
308 309
309 310
310 311
311 312
312 313
313 314
314 315
315 316
316 317
317 318
318 319
319 320
320 321
321 322
322 323
323 324
324 325
325 326
326 327
327 328
328 329
329 330
330 331
331 332
332 333
333 334
334 335
335 336
336 337
337 338
338 339
339 340
340 341
341 342
342 343
343 344
344 345
345 346
346 347
347 348
348 349
349 350
350 351
351 352
352 353
353 354
354 355
355 356
356 357
357 358
358 359
359 360
360 361
361 362
362 363
363 364
364 365
365 366
366 367
367 368
368 369
369 370
370 371
371 372
372 373
373 374
374 375
375 376
376 377
377 378
378 379
379 380
380 381
381 382
382 383
383 384
384 385
385 386
386 387
387 388
388 389
389 390
390 391
391 392
392 393
393 394
394 395
395 396
396 397
397 398
398 399
399 400
400 401
401 402
402 403
403 404
404 405
405 406
406 407
407 408
408 409
409 410
410 411
411 412
412 413
413 414
414 415
415 416
416 417
417 418
418 419
419 420
420 421
421 422
422 423
423 424
424 425
425 426
426 427
427 428
428 429
429 430
430 431
431 432
432 433
433 434
434 435
435 436
436 437
437 438
438 439
439 440
440 441
441 442
442 443
443 444
444 445
445 446
446 447
447 448
448 449
449 450
450 451
451 452
452 453
453 454
454 455
455 456
456 457
457 458
458 459
459 460
460 461
461 462
462 463
463 464
464 465
465 466
466 467
467 468
468 469
469 470
470 471
471 472
472 473
473 474
474 475
475 476
476 477
477 478
478 479
479 480
480 481
481 482
482 483
483 484
484 485
485 486
486 487
487 488
488 489
489 490
490 491
491 492
492 493
493 494
494 495
495 496
496 497
497 498
498 499
499 500
1 500
89 322
32 54
444 485
205 262
161 450
2 500 1
2 1 1
3
500 505
3973
1656
7595
4263
6838
266
9795
4060
5240
3082
3141
1665
4524
4766
5766
5781
9434
9131
8632
9289
825
7514
4161
9489
2220
5757
4609
3716
6874
1161
8482
5270
6743
7230
2795
9786
6108
7366
6861
8404
2860
7021
4939
3798
5926
531
7131
6652
8317
7376
1658
6655
5446
7823
3104
2070
6457
6720
9447
6788
5687
4966
3957
5694
7000
4795
9299
-99
730
7476
1604
4894
504
4510
6718
1526
4932
2524
3667
3400
324
1292
3995
9413
4780
3417
3185
5990
1698
390
9187
613
6675
5012
2977
9612
7317
8223
4268
7302
3122
7641
4977
1764
7898
1636
964
275
5276
5028
86
2435
5237
4798
6925
7253
2976
8107
9346
6005
5238
4102
1923
5501
1130
4160
1718
415
166
5065
1689
3571
1898
312
2200
124
3123
6384
7505
6114
9817
4068
9369
8200
6538
3075
1715
4910
1981
8340
3186
704
6290
4460
2060
6523
3756
775
4228
4449
4812
9088
7505
4513
1640
4518
1374
3556
4159
2401
3866
4753
6244
1877
6630
7811
992
5802
9715
6786
6477
6053
7574
5607
775
201
796
4730
9988
8040
3332
4184
2332
4173
3429
3959
7158
7917
9894
1579
5029
8990
7996
5544
765
1709
4884
2586
243
1144
8475
4519
9537
9674
2284
5758
5257
3690
9758
3230
2172
703
6958
2385
9751
9520
9137
7634
7345
8449
9842
68
1173
9073
3875
381
8739
8289
6328
9642
57
6356
6564
6779
9353
2169
1725
4425
2476
6570
4889
7216
8884
4386
6511
1953
2749
6864
797
287
8960
8960
7338
6288
1274
1578
7488
4333
7442
2501
3236
7793
3544
3983
3681
2231
7951
4967
1053
3930
6177
3163
4951
3681
5715
9758
5193
85
4947
5728
7098
3416
3072
615
4477
4686
8039
72
4084
1711
123
4750
4620
5968
9177
872
1604
8620
4046
6877
8310
7144
7041
1074
4805
5579
6505
7159
4150
3533
3663
2563
3529
1234
2596
933
3873
7888
5956
5265
1189
6060
212
3330
2656
3230
9861
877
189
2935
5443
9082
3652
674
7915
8729
7021
6243
4575
1081
6262
2315
377
2808
6571
9630
9639
2648
188
9122
5752
7074
1515
5704
1511
2406
5916
5644
7944
5053
2535
3659
6543
7716
1965
383
7700
6333
7380
3295
-84
4001
7124
3035
9494
9433
6221
2313
4380
4014
3311
1635
7769
340
7018
8059
2998
9496
4148
728
5600
6342
2358
5699
8753
8888
9742
941
2247
453
1361
34
8326
3442
5564
5815
2753
6215
274
2693
8971
2971
6234
8122
2146
9596
3468
5484
3831
4941
2082
9585
4841
7965
2948
3949
-1
3370
7065
5395
1787
5834
1664
6574
3089
6556
5763
748
8679
9464
2976
6731
4717
153
8563
3226
7868
8468
4888
7076
9729
1444
2455
9809
3743
3477
8855
4639
6503
6882
5671
436
3807
8883
3165
7407
6857
8687
7982
8662
2377
6518
7388
6826
9826
3636
8400
1354
8163
283
1170
2735
5125
8255
5348
9304
8920
8621
8764
312
1 2
2 3
3 4
4 5
5 6
6 7
7 8
8 9
9 10
10 11
11 12
12 13
13 14
14 15
15 16
16 17
17 18
18 19
19 20
20 21
21 22
22 23
23 24
24 25
25 26
26 27
27 28
28 29
29 30
30 31
31 32
32 33
33 34
34 35
35 36
36 37
37 38
38 39
39 40
40 41
41 42
42 43
43 44
44 45
45 46
46 47
47 48
48 49
49 50
50 51
51 52
52 53
53 54
54 55
55 56
56 57
57 58
58 59
59 60
60 61
61 62
62 63
63 64
64 65
65 66
66 67
67 68
68 69
69 70
70 71
71 72
72 73
73 74
74 75
75 76
76 77
77 78
78 79
79 80
80 81
81 82
82 83
83 84
84 85
85 86
86 87
87 88
88 89
89 90
90 91
91 92
92 93
93 94
94 95
95 96
96 97
97 98
98 99
99 100
100 101
101 102
102 103
103 104
104 105
105 106
106 107
107 108
108 109
109 110
110 111
111 112
112 113
113 114
114 115
115 116
116 117
117 118
118 119
119 120
120 121
121 122
122 123
123 124
124 125
125 126
126 127
127 128
128 129
129 130
130 131
131 132
132 133
133 134
134 135
135 136
136 137
137 138
138 139
139 140
140 141
141 142
142 143
143 144
144 145
145 146
146 147
147 148
148 149
149 150
150 151
151 152
152 153
153 154
154 155
155 156
156 157
157 158
158 159
159 160
160 161
161 162
162 163
163 164
164 165
165 166
166 167
167 168
168 169
169 170
170 171
171 172
172 173
173 174
174 175
175 176
176 177
177 178
178 179
179 180
180 181
181 182
182 183
183 184
184 185
185 186
186 187
187 188
188 189
189 190
190 191
191 192
192 193
193 194
194 195
195 196
196 197
197 198
198 199
199 200
200 201
201 202
202 203
203 204
204 205
205 206
206 207
207 208
208 209
209 210
210 211
211 212
212 213
213 214
214 215
215 216
216 217
217 218
218 219
219 220
220 221
221 222
222 223
223 224
224 225
225 226
226 227
227 228
228 229
229 230
230 231
231 232
232 233
233 234
234 235
235 236
236 237
237 238
238 239
239 240
240 241
241 242
242 243
243 244
244 245
245 246
246 247
247 248
248 249
249 250
250 251
251 252
252 253
253 254
254 255
255 256
256 257
257 258
258 259
259 260
260 261
261 262
262 263
263 264
264 265
265 266
266 267
267 268
268 269
269 270
270 271
271 272
272 273
273 274
274 275
275 276
276 277
277 278
278 279
279 280
280 281
281 282
282 283
283 284
284 285
285 286
286 287
287 288
288 289
289 290
290 291
291 292
292 293
293 294
294 295
295 296
296 297
297 298
298 299
299 300
300 301
301 302
302 303
303 304
304 305
305 306
306 307
307 308
308 309
309 310
310 311
311 312
312 313
313 314
314 315
315 316
316 317
317 318
318 319
319 320
320 321
321 322
322 323
323 324
324 325
325 326
326 327
327 328
328 329
329 330
330 331
331 332
332 333
333 334
334 335
335 336
336 337
337 338
338 339
339 340
340 341
341 342
342 343
343 344
344 345
345 346
346 347
347 348
348 349
349 350
350 351
351 352
352 353
353 354
354 355
355 356
356 357
357 358
358 359
359 360
360 361
361 362
362 363
363 364
364 365
365 366
366 367
367 368
368 369
369 370
370 371
371 372
372 373
373 374
374 375
375 376
376 377
377 378
378 379
379 380
380 381
381 382
382 383
383 384
384 385
385 386
386 387
387 388
388 389
389 390
390 391
391 392
392 393
393 394
394 395
395 396
396 397
397 398
398 399
399 400
400 401
401 402
402 403
403 404
404 405
405 406
406 407
407 408
408 409
409 410
410 411
411 412
412 413
413 414
414 415
415 416
416 417
417 418
418 419
419 420
420 421
421 422
422 423
423 424
424 425
425 426
426 427
427 428
428 429
429 430
430 431
431 432
432 433
433 434
434 435
435 436
436 437
437 438
438 439
439 440
440 441
441 442
442 443
443 444
444 445
445 446
446 447
447 448
448 449
449 450
450 451
451 452
452 453
453 454
454 455
455 456
456 457
457 458
458 459
459 460
460 461
461 462
462 463
463 464
464 465
465 466
466 467
467 468
468 469
469 470
470 471
471 472
472 473
473 474
474 475
475 476
476 477
477 478
478 479
479 480
480 481
481 482
482 483
483 484
484 485
485 486
486 487
487 488
488 489
489 490
490 491
491 492
492 493
493 494
494 495
495 496
496 497
497 498
498 499
499 500
1 500
279 471
25 179
188 271
235 366
185 457
2 500 1
2 1 1
3
500 505
4473
7562
5308
5311
4832
5762
4750
230
5989
308
199
6255
1229
4217
3615
213
4411
982
4761
9391
4642
7081
8030
5390
422
3007
4832
1846
4348
6417
4464
8842
3441
7870
7896
8585
3182
2263
9268
4584
6973
7854
788
1807
9952
2990
3582
5430
1915
7769
4881
2929
6507
2077
7816
5673
3406
6166
2937
2902
8926
654
3765
854
4213
8919
2705
4784
6593
397
8729
6969
7753
810
3836
3832
4099
4136
7587
1188
9970
2168
5421
402
2445
6812
6692
6156
6545
6375
7798
7593
567
5666
8086
8196
4890
3235
1110
2613
393
6361
5206
768
9178
2737
2061
2573
3605
725
5331
135
8696
4207
1929
6547
-1
7296
809
7955
8178
1676
9909
7165
4010
5097
348
1500
654
6964
7441
825
8830
9343
6519
7761
8550
5765
6543
3397
9584
1513
6189
7190
4829
597
7522
8553
6180
4285
5607
7327
6499
1054
8729
3643
4268
9854
2839
2488
34
2350
5666
4204
9949
-40
4743
3188
5440
8817
4604
8508
3953
1001
3739
6074
9400
6602
4272
7894
4364
974
1069
5752
6857
9762
5794
8876
2579
3790
7058
9588
6899
7373
2973
4447
3180
1492
6537
3704
338
3187
8314
1565
6420
608
7230
4685
2849
8778
2871
9096
178
9078
1324
8567
7923
3909
2210
319
5574
6395
706
7559
2097
6928
3199
1560
5710
5806
7197
3024
490
333
923
8273
2426
3775
936
8147
6702
870
2061
1901
3652
5304
961
5069
2851
9047
3202
3537
3075
9587
1098
8250
3826
6428
4951
4673
6180
9508
8945
7956
8143
711
4231
1104
2640
1578
3918
9659
8538
6007
1112
5167
6200
1225
4977
2515
1609
1043
1476
2031
2857
9098
2337
3655
8969
3145
287
2978
6562
3080
1566
6408
7147
7354
4418
3742
3706
3601
4633
6876
780
3920
4543
2835
4652
720
7406
3702
2006
8172
474
4085
6371
4036
1495
598
2419
6413
925
4154
538
907
1810
3906
9301
1952
5125
1445
6364
9138
8893
6102
9757
9862
5712
2550
7485
118
6544
5626
5889
8029
8541
62
4816
750
3596
-84
6153
5882
1569
7877
8804
5660
4628
290
3719
1035
5292
4738
4273
4083
5609
8770
6286
2369
6850
1820
4464
-40
110
1370
1392
4513
1020
9175
7080
9818
7427
3932
9738
2523
125
101
5738
6314
4221
7133
5091
5208
5752
5838
1153
1365
106
1201
8219
6506
4065
6127
1184
2643
2477
5601
8032
3486
6668
7242
8805
7881
9608
609
4033
1247
4888
6472
7790
4267
480
5673
2434
9234
3403
4427
226
2904
5627
3986
9898
1969
2167
8860
4072
6846
9336
915
2003
7514
8903
5460
2781
8120
2441
9152
2073
8525
789
5537
842
1439
1681
3218
426
186
9085
4450
7446
3538
1407
6907
8570
5923
4874
7422
8741
7097
7780
6898
1214
513
417
4802
8440
266
5475
12
4995
4548
7712
1460
4659
9853
3422
398
9525
1607
948
3244
7023
3592
9596
5148
5753
2155
3599
4201
1 2
2 3
3 4
4 5
5 6
6 7
7 8
8 9
9 10
10 11
11 12
12 13
13 14
14 15
15 16
16 17
17 18
18 19
19 20
20 21
21 22
22 23
23 24
24 25
25 26
26 27
27 28
28 29
29 30
30 31
31 32
32 33
33 34
34 35
35 36
36 37
37 38
38 39
39 40
40 41
41 42
42 43
43 44
44 45
45 46
46 47
47 48
48 49
49 50
50 51
51 52
52 53
53 54
54 55
55 56
56 57
57 58
58 59
59 60
60 61
61 62
62 63
63 64
64 65
65 66
66 67
67 68
68 69
69 70
70 71
71 72
72 73
73 74
74 75
75 76
76 77
77 78
78 79
79 80
80 81
81 82
82 83
83 84
84 85
85 86
86 87
87 88
88 89
89 90
90 91
91 92
92 93
93 94
94 95
95 96
96 97
97 98
98 99
99 100
100 101
101 102
102 103
103 104
104 105
105 106
106 107
107 108
108 109
109 110
110 111
111 112
112 113
113 114
114 115
115 116
116 117
117 118
118 119
119 120
120 121
121 122
122 123
123 124
124 125
125 126
126 127
127 128
128 129
129 130
130 131
131 132
132 133
133 134
134 135
135 136
136 137
137 138
138 139
139 140
140 141
141 142
142 143
143 144
144 145
145 146
146 147
147 148
148 149
149 150
150 151
151 152
152 153
153 154
154 155
155 156
156 157
157 158
158 159
159 160
160 161
161 162
162 163
163 164
164 165
165 166
166 167
167 168
168 169
169 170
170 171
171 172
172 173
173 174
174 175
175 176
176 177
177 178
178 179
179 180
180 181
181 182
182 183
183 184
184 185
185 186
186 187
187 188
188 189
189 190
190 191
191 192
192 193
193 194
194 195
195 196
196 197
197 198
198 199
199 200
200 201
201 202
202 203
203 204
204 205
205 206
206 207
207 208
208 209
209 210
210 211
211 212
212 213
213 214
214 215
215 216
216 217
217 218
218 219
219 220
220 221
221 222
222 223
223 224
224 225
225 226
226 227
227 228
228 229
229 230
230 231
231 232
232 233
233 234
234 235
235 236
236 237
237 238
238 239
239 240
240 241
241 242
242 243
243 244
244 245
245 246
246 247
247 248
248 249
249 250
250 251
251 252
252 253
253 254
254 255
255 256
256 257
257 258
258 259
259 260
260 261
261 262
262 263
263 264
264 265
265 266
266 267
267 268
268 269
269 270
270 271
271 272
272 273
273 274
274 275
275 276
276 277
277 278
278 279
279 280
280 281
281 282
282 283
283 284
284 285
285 286
286 287
287 288
288 289
289 290
290 291
291 292
292 293
293 294
294 295
295 296
296 297
297 298
298 299
299 300
300 301
301 302
302 303
303 304
304 305
305 306
306 307
307 308
308 309
309 310
310 311
311 312
312 313
313 314
314 315
315 316
316 317
317 318
318 319
319 320
320 321
321 322
322 323
323 324
324 325
325 326
326 327
327 328
328 329
329 330
330 331
331 332
332 333
333 334
334 335
335 336
336 337
337 338
338 339
339 340
340 341
341 342
342 343
343 344
344 345
345 346
346 347
347 348
348 349
349 350
350 351
351 352
352 353
353 354
354 355
355 356
356 357
357 358
358 359
359 360
360 361
361 362
362 363
363 364
364 365
365 366
366 367
367 368
368 369
369 370
370 371
371 372
372 373
373 374
374 375
375 376
376 377
377 378
378 379
379 380
380 381
381 382
382 383
383 384
384 385
385 386
386 387
387 388
388 389
389 390
390 391
391 392
392 393
393 394
394 395
395 396
396 397
397 398
398 399
399 400
400 401
401 402
402 403
403 404
404 405
405 406
406 407
407 408
408 409
409 410
410 411
411 412
412 413
413 414
414 415
415 416
416 417
417 418
418 419
419 420
420 421
421 422
422 423
423 424
424 425
425 426
426 427
427 428
428 429
429 430
430 431
431 432
432 433
433 434
434 435
435 436
436 437
437 438
438 439
439 440
440 441
441 442
442 443
443 444
444 445
445 446
446 447
447 448
448 449
449 450
450 451
451 452
452 453
453 454
454 455
455 456
456 457
457 458
458 459
459 460
460 461
461 462
462 463
463 464
464 465
465 466
466 467
467 468
468 469
469 470
470 471
471 472
472 473
473 474
474 475
475 476
476 477
477 478
478 479
479 480
480 481
481 482
482 483
483 484
484 485
485 486
486 487
487 488
488 489
489 490
490 491
491 492
492 493
493 494
494 495
495 496
496 497
497 498
498 499
499 500
1 500
175 285
72 440
389 441
8 274
421 430
2 500 1
2 1 1
3
500 505
6576
2596
7555
2159
2228
4193
3465
2349
9586
3228
4933
3155
8222
9137
3780
4702
7439
7851
7385
1421
2846
3311
1592
1042
9299
8308
4988
315
6059
4674
1126
3412
7098
8158
1081
1080
2116
7542
9508
1267
8703
3467
1648
4433
4215
7498
7803
6074
5031
3071
3347
488
1258
3246
2726
2432
6016
9970
3566
9437
294
4929
9402
597
8135
8940
4969
2406
6079
2218
4415
5359
4036
3789
5232
491
731
7029
6699
3888
9141
830
5438
90
2970
2660
5134
5262
5110
966
6764
345
3720
9126
549
9894
6168
735
3764
7725
6931
9817
8820
1630
1893
2406
8286
9547
4119
5472
7050
8184
3621
3840
8834
3027
2597
5857
3731
4691
3788
3836
9907
9310
7667
5928
9925
2084
3025
181
3683
7472
6433
7851
2626
4185
629
1053
3734
2292
2603
3668
1909
68
3077
8657
6647
8980
843
9205
2492
228
1208
9208
1382
3008
9389
7876
2699
5511
6306
6533
3887
7269
9539
1022
1629
1223
701
6497
4673
-12
5580
6271
1810
8366
4114
9950
883
9365
4802
3670
7894
1952
4007
2662
1018
5157
7058
3774
9167
1479
8127
1836
1963
4032
4824
5959
8774
3226
2157
5859
4648
602
6565
5156
356
7279
1319
167
4623
8574
7103
7205
2657
1144
4021
8570
6295
9135
9540
2916
1051
8306
3887
5744
329
65
7967
9534
8137
2766
8324
6176
1301
9659
8204
5985
471
7977
4684
722
2734
3900
9722
4677
2536
7777
5711
7119
4699
8811
8103
1174
6432
9180
3252
4604
4556
6383
5878
5729
1144
3622
218
6407
1175
6455
607
7795
9948
7810
5897
3342
2914
9841
6445
9501
9438
4769
5894
3415
918
953
5842
4833
4186
2073
6658
4621
4296
6050
5231
3557
4081
3813
5537
2439
7710
2985
2370
2701
448
9410
7014
8926
5811
1320
7148
8187
6559
2223
138
1648
7270
6418
3664
5008
7477
1407
6228
9167
9578
3973
5626
7789
1677
912
8938
6296
495
1624
3479
9746
7823
1256
6837
9693
7710
6398
9680
3555
1370
5599
2695
6644
6053
8946
6437
5077
1262
5528
2722
7165
8166
6404
2666
92
7476
9042
6163
170
6303
5118
8777
3861
3339
3716
3885
8242
5001
6783
5365
3052
4865
223
5344
3097
5488
3639
8417
3120
7930
5582
6487
3041
4787
9872
4678
7867
3592
2184
9914
1882
6069
3291
670
9031
1241
6471
5070
8309
9740
3940
1858
7875
893
6921
6605
6055
3190
5978
8310
2744
7260
9443
2047
9140
3517
9804
6112
4631
1772
1757
8606
3611
9734
1014
3979
5443
1602
3613
1717
2032
9552
3475
706
4019
2333
7841
1619
5744
1886
1013
459
5750
6619
3814
1485
9003
3237
2774
8369
8889
7823
3690
1563
7533
5853
9321
6263
5886
963
8513
528
1515
806
6657
1426
5266
7382
5904
1383
6392
1780
3349
7976
672
2721
9356
-78
-98
7892
6868
9293
973
9819
4637
19
7013
9940
452
7444
9584
5866
7273
6111
6288
3064
8282
1 2
2 3
3 4
4 5
5 6
6 7
7 8
8 9
9 10
10 11
11 12
12 13
13 14
14 15
15 16
16 17
17 18
18 19
19 20
20 21
21 22
22 23
23 24
24 25
25 26
26 27
27 28
28 29
29 30
30 31
31 32
32 33
33 34
34 35
35 36
36 37
37 38
38 39
39 40
40 41
41 42
42 43
43 44
44 45
45 46
46 47
47 48
48 49
49 50
50 51
51 52
52 53
53 54
54 55
55 56
56 57
57 58
58 59
59 60
60 61
61 62
62 63
63 64
64 65
65 66
66 67
67 68
68 69
69 70
70 71
71 72
72 73
73 74
74 75
75 76
76 77
77 78
78 79
79 80
80 81
81 82
82 83
83 84
84 85
85 86
86 87
87 88
88 89
89 90
90 91
91 92
92 93
93 94
94 95
95 96
96 97
97 98
98 99
99 100
100 101
101 102
102 103
103 104
104 105
105 106
106 107
107 108
108 109
109 110
110 111
111 112
112 113
113 114
114 115
115 116
116 117
117 118
118 119
119 120
120 121
121 122
122 123
123 124
124 125
125 126
126 127
127 128
128 129
129 130
130 131
131 132
132 133
133 134
134 135
135 136
136 137
137 138
138 139
139 140
140 141
141 142
142 143
143 144
144 145
145 146
146 147
147 148
148 149
149 150
150 151
151 152
152 153
153 154
154 155
155 156
156 157
157 158
158 159
159 160
160 161
161 162
162 163
163 164
164 165
165 166
166 167
167 168
168 169
169 170
170 171
171 172
172 173
173 174
174 175
175 176
176 177
177 178
178 179
179 180
180 181
181 182
182 183
183 184
184 185
185 186
186 187
187 188
188 189
189 190
190 191
191 192
192 193
193 194
194 195
195 196
196 197
197 198
198 199
199 200
200 201
201 202
202 203
203 204
204 205
205 206
206 207
207 208
208 209
209 210
210 211
211 212
212 213
213 214
214 215
215 216
216 217
217 218
218 219
219 220
220 221
221 222
222 223
223 224
224 225
225 226
226 227
227 228
228 229
229 230
230 231
231 232
232 233
233 234
234 235
235 236
236 237
237 238
238 239
239 240
240 241
241 242
242 243
243 244
244 245
245 246
246 247
247 248
248 249
249 250
250 251
251 252
252 253
253 254
254 255
255 256
256 257
257 258
258 259
259 260
260 261
261 262
262 263
263 264
264 265
265 266
266 267
267 268
268 269
269 270
270 271
271 272
272 273
273 274
274 275
275 276
276 277
277 278
278 279
279 280
280 281
281 282
282 283
283 284
284 285
285 286
286 287
287 288
288 289
289 290
290 291
291 292
292 293
293 294
294 295
295 296
296 297
297 298
298 299
299 300
300 301
301 302
302 303
303 304
304 305
305 306
306 307
307 308
308 309
309 310
310 311
311 312
312 313
313 314
314 315
315 316
316 317
317 318
318 319
319 320
320 321
321 322
322 323
323 324
324 325
325 326
326 327
327 328
328 329
329 330
330 331
331 332
332 333
333 334
334 335
335 336
336 337
337 338
338 339
339 340
340 341
341 342
342 343
343 344
344 345
345 346
346 347
347 348
348 349
349 350
350 351
351 352
352 353
353 354
354 355
355 356
356 357
357 358
358 359
359 360
360 361
361 362
362 363
363 364
364 365
365 366
366 367
367 368
368 369
369 370
370 371
371 372
372 373
373 374
374 375
375 376
376 377
377 378
378 379
379 380
380 381
381 382
382 383
383 384
384 385
385 386
386 387
387 388
388 389
389 390
390 391
391 392
392 393
393 394
394 395
395 396
396 397
397 398
398 399
399 400
400 401
401 402
402 403
403 404
404 405
405 406
406 407
407 408
408 409
409 410
410 411
411 412
412 413
413 414
414 415
415 416
416 417
417 418
418 419
419 420
420 421
421 422
422 423
423 424
424 425
425 426
426 427
427 428
428 429
429 430
430 431
431 432
432 433
433 434
434 435
435 436
436 437
437 438
438 439
439 440
440 441
441 442
442 443
443 444
444 445
445 446
446 447
447 448
448 449
449 450
450 451
451 452
452 453
453 454
454 455
455 456
456 457
457 458
458 459
459 460
460 461
461 462
462 463
463 464
464 465
465 466
466 467
467 468
468 469
469 470
470 471
471 472
472 473
473 474
474 475
475 476
476 477
477 478
478 479
479 480
480 481
481 482
482 483
483 484
484 485
485 486
486 487
487 488
488 489
489 490
490 491
491 492
492 493
493 494
494 495
495 496
496 497
497 498
498 499
499 500
1 500
69 432
67 330
123 447
276 404
4 361
2 500 1
2 1 1
3
500 505
2087
5492
3049
5914
3730
9398
8842
9966
5715
1521
5461
3470
6206
9746
2861
2495
6539
3050
372
245
7918
7992
308
7310
6505
6390
1085
7863
993
8199
2006
5558
2825
318
6630
3286
6593
4372
3634
5655
5184
8147
2377
6358
1597
397
2508
4546
3037
2760
4149
5987
5682
4263
7268
6644
8183
438
8909
8664
4460
2063
4273
2223
7654
9646
2929
2873
3581
1515
6186
1917
4572
3161
9159
638
2591
5425
4227
9290
7308
4697
9772
4827
7088
6258
2699
8921
6326
9505
7061
7623
7271
9568
8917
1161
1710
4075
1593
6998
6125
4465
5680
9947
7104
8403
6732
5952
3596
4097
4339
8066
7447
3639
8798
9847
4890
2790
1682
242
5789
7482
7278
7385
1850
8322
1011
5640
2957
7619
2979
6911
9419
4071
6141
2180
1046
438
2038
4172
8902
2015
740
4124
8249
7936
6202
3982
1496
9439
2867
7841
6088
3571
5280
7808
1616
1926
8930
3507
355
6209
762
2393
7078
1170
9929
1298
7434
2661
186
1580
2792
961
5666
5183
8067
848
6963
2111
7441
9960
8318
6405
9809
6416
6473
2590
6902
6370
190
5176
5984
4294
3911
7978
7808
6894
2885
7258
211
3329
3502
5510
8754
1323
6407
1856
3357
8238
3611
3432
1411
150
2010
6707
8490
6955
8713
442
4015
2322
4538
7420
1243
1471
7138
4935
5331
5532
6314
813
2307
3977
3836
4303
5631
335
2293
580
1187
6674
4997
6296
7878
2399
454
2219
1033
6966
2238
6562
1401
6583
405
8127
5202
3257
281
7398
1780
9524
2155
949
9309
3605
4930
9460
7060
4274
686
4534
4183
7009
3830
2015
6876
5618
3257
6186
5047
3842
3997
5622
3951
5896
6183
5892
3264
5255
34
5750
761
918
6427
268
5415
244
5214
1041
5728
6804
6848
7081
1871
3943
3429
5882
4634
3051
6647
23
9822
3704
5305
7017
7358
451
1168
59
3341
1343
1594
3642
6232
4422
2290
9535
801
1214
4661
8800
3265
3053
283
112
8630
5414
4716
-71
2308
8504
280
572
2090
3666
5968
7969
1949
6024
2706
7484
3792
-21
1281
7707
2078
6519
229
8575
9752
-59
6172
5675
6293
5195
5644
605
5137
-60
15
6331
5324
7262
7121
2084
4441
1195
5300
8796
1311
3876
6780
1155
9019
3310
8825
6111
7277
6172
5516
8223
6962
6596
285
3924
4252
957
4601
-91
6605
5378
8536
8786
4358
4106
6224
1067
2498
8914
5115
9487
531
2068
8736
1250
5427
8898
9414
4597
8858
2506
5481
2850
8309
3004
5982
4958
9653
3909
1622
3208
1990
5115
5976
3278
6077
3493
7177
7908
3117
540
3382
8875
5939
7915
4233
2529
6195
770
1592
9068
2632
7382
1678
1110
1332
932
3270
5059
6885
1545
4249
4346
2009
724
599
3192
1434
4769
4599
8489
291
2111
5542
4376
5517
9268
5627
7433
1496
3813
4479
6004
4543
8211
5989
5024
2698
9176
3299
9767
1954
6190
3257
5999
1998
8870
3121
3358
1 2
2 3
3 4
4 5
5 6
6 7
7 8
8 9
9 10
10 11
11 12
12 13
13 14
14 15
15 16
16 17
17 18
18 19
19 20
20 21
21 22
22 23
23 24
24 25
25 26
26 27
27 28
28 29
29 30
30 31
31 32
32 33
33 34
34 35
35 36
36 37
37 38
38 39
39 40
40 41
41 42
42 43
43 44
44 45
45 46
46 47
47 48
48 49
49 50
50 51
51 52
52 53
53 54
54 55
55 56
56 57
57 58
58 59
59 60
60 61
61 62
62 63
63 64
64 65
65 66
66 67
67 68
68 69
69 70
70 71
71 72
72 73
73 74
74 75
75 76
76 77
77 78
78 79
79 80
80 81
81 82
82 83
83 84
84 85
85 86
86 87
87 88
88 89
89 90
90 91
91 92
92 93
93 94
94 95
95 96
96 97
97 98
98 99
99 100
100 101
101 102
102 103
103 104
104 105
105 106
106 107
107 108
108 109
109 110
110 111
111 112
112 113
113 114
114 115
115 116
116 117
117 118
118 119
119 120
120 121
121 122
122 123
123 124
124 125
125 126
126 127
127 128
128 129
129 130
130 131
131 132
132 133
133 134
134 135
135 136
136 137
137 138
138 139
139 140
140 141
141 142
142 143
143 144
144 145
145 146
146 147
147 148
148 149
149 150
150 151
151 152
152 153
153 154
154 155
155 156
156 157
157 158
158 159
159 160
160 161
161 162
162 163
163 164
164 165
165 166
166 167
167 168
168 169
169 170
170 171
171 172
172 173
173 174
174 175
175 176
176 177
177 178
178 179
179 180
180 181
181 182
182 183
183 184
184 185
185 186
186 187
187 188
188 189
189 190
190 191
191 192
192 193
193 194
194 195
195 196
196 197
197 198
198 199
199 200
200 201
201 202
202 203
203 204
204 205
205 206
206 207
207 208
208 209
209 210
210 211
211 212
212 213
213 214
214 215
215 216
216 217
217 218
218 219
219 220
220 221
221 222
222 223
223 224
224 225
225 226
226 227
227 228
228 229
229 230
230 231
231 232
232 233
233 234
234 235
235 236
236 237
237 238
238 239
239 240
240 241
241 242
242 243
243 244
244 245
245 246
246 247
247 248
248 249
249 250
250 251
251 252
252 253
253 254
254 255
255 256
256 257
257 258
258 259
259 260
260 261
261 262
262 263
263 264
264 265
265 266
266 267
267 268
268 269
269 270
270 271
271 272
272 273
273 274
274 275
275 276
276 277
277 278
278 279
279 280
280 281
281 282
282 283
283 284
284 285
285 286
286 287
287 288
288 289
289 290
290 291
291 292
292 293
293 294
294 295
295 296
296 297
297 298
298 299
299 300
300 301
301 302
302 303
303 304
304 305
305 306
306 307
307 308
308 309
309 310
310 311
311 312
312 313
313 314
314 315
315 316
316 317
317 318
318 319
319 320
320 321
321 322
322 323
323 324
324 325
325 326
326 327
327 328
328 329
329 330
330 331
331 332
332 333
333 334
334 335
335 336
336 337
337 338
338 339
339 340
340 341
341 342
342 343
343 344
344 345
345 346
346 347
347 348
348 349
349 350
350 351
351 352
352 353
353 354
354 355
355 356
356 357
357 358
358 359
359 360
360 361
361 362
362 363
363 364
364 365
365 366
366 367
367 368
368 369
369 370
370 371
371 372
372 373
373 374
374 375
375 376
376 377
377 378
378 379
379 380
380 381
381 382
382 383
383 384
384 385
385 386
386 387
387 388
388 389
389 390
390 391
391 392
392 393
393 394
394 395
395 396
396 397
397 398
398 399
399 400
400 401
401 402
402 403
403 404
404 405
405 406
406 407
407 408
408 409
409 410
410 411
411 412
412 413
413 414
414 415
415 416
416 417
417 418
418 419
419 420
420 421
421 422
422 423
423 424
424 425
425 426
426 427
427 428
428 429
429 430
430 431
431 432
432 433
433 434
434 435
435 436
436 437
437 438
438 439
439 440
440 441
441 442
442 443
443 444
444 445
445 446
446 447
447 448
448 449
449 450
450 451
451 452
452 453
453 454
454 455
455 456
456 457
457 458
458 459
459 460
460 461
461 462
462 463
463 464
464 465
465 466
466 467
467 468
468 469
469 470
470 471
471 472
472 473
473 474
474 475
475 476
476 477
477 478
478 479
479 480
480 481
481 482
482 483
483 484
484 485
485 486
486 487
487 488
488 489
489 490
490 491
491 492
492 493
493 494
494 495
495 496
496 497
497 498
498 499
499 500
1 500
70 219
158 226
339 398
393 448
272 331
2 500 1
2 1 1
3
500 505
7645
4103
3714
7851
1958
3371
2469
5844
4296
1954
6101
6489
4897
5989
6344
2756
1776
1733
6548
6742
6400
8612
6144
8863
2990
5467
7660
-34
3826
3632
2303
7934
3527
5612
1267
8409
433
7490
3658
814
3715
5283
7272
8918
3089
7171
2497
5632
9891
2458
5287
6092
2226
1710
5656
9404
2503
2147
-97
4728
6095
4316
136
1106
5071
4110
5546
8081
8097
3905
5253
4460
9524
8557
3070
5357
9985
-1
602
4532
1710
137
960
3505
6026
8912
331
5351
3359
1589
9947
9893
6625
5280
7505
4633
8980
4505
769
427
2446
8991
6145
9140
6739
333
2664
7385
2021
4582
623
5276
477
531
5079
5931
7572
8008
8154
6656
3800
6324
1609
9325
1276
8866
3003
4064
-65
7774
9990
3791
4278
2451
8853
9206
6481
8320
2369
8054
2039
1423
5232
6562
206
4232
8846
1266
1239
4085
4094
3216
8882
7128
1663
1605
5902
7778
1209
795
5403
2468
2478
7590
9581
5999
538
6630
3246
7591
3202
660
3761
6603
9627
4748
8095
8127
-71
2296
988
6768
2677
1512
8632
4298
124
5829
1539
4808
3276
4356
7563
8444
2794
9870
4538
7898
2007
9646
3279
8647
5660
1787
9006
4608
3750
3122
9015
8495
2812
5709
2638
3805
2362
4934
6089
5753
7919
3323
9318
7867
-81
3233
8603
1261
7139
6150
4141
9060
8422
557
2672
7019
8708
3356
9884
6624
952
4679
8466
3070
842
2048
8194
9102
2084
7077
4144
4958
309
8711
3262
1419
6773
3704
9333
-90
8601
8626
4739
8425
7469
4518
585
8568
5249
5002
404
1838
6452
-83
8355
8942
8446
3644
2840
9239
176
9229
8476
7323
8233
3448
5514
4971
6954
173
6053
6803
1399
3075
9744
6386
5700
278
701
3129
5784
1971
2819
6118
2142
4103
941
194
419
3546
9446
869
2012
7892
976
9906
7345
1552
9349
4743
7104
3733
8075
5355
3420
3995
5256
4296
1032
5130
2977
1529
2377
7593
7535
4636
5340
-79
8607
4685
9677
9861
4200
7391
8134
6490
6602
1186
9247
9993
7284
5212
1911
9491
6887
2688
9457
7988
6014
-69
5712
2763
48
3596
4050
9160
1309
718
4369
5662
9232
8511
5706
6691
4144
5641
8264
5336
5723
9473
6300
3541
4174
4991
9495
658
4164
2393
8208
4965
8011
4918
9757
6812
8118
3036
6170
683
6554
8501
9124
3653
5865
1305
7763
8783
8566
7992
6611
3772
3337
1556
4678
1977
9445
3868
8640
3135
7850
3178
6987
9767
4181
985
4335
2984
2126
1250
3493
6828
4689
8514
6238
3698
5048
3768
866
6152
238
5230
3199
1723
4383
7392
2217
6461
3590
4893
4662
7365
3099
8051
558
6396
494
5613
2430
6991
604
9418
637
5687
8548
9634
1774
7797
546
568
1935
6845
3486
3918
8379
8061
9888
1913
5584
3532
-32
8798
4690
7915
7468
999
1352
6413
8643
2015
765
7061
4003
1445
2144
8773
9679
8616
9551
4449
1784
7613
5750
7557
1 2
2 3
3 4
4 5
5 6
6 7
7 8
8 9
9 10
10 11
11 12
12 13
13 14
14 15
15 16
16 17
17 18
18 19
19 20
20 21
21 22
22 23
23 24
24 25
25 26
26 27
27 28
28 29
29 30
30 31
31 32
32 33
33 34
34 35
35 36
36 37
37 38
38 39
39 40
40 41
41 42
42 43
43 44
44 45
45 46
46 47
47 48
48 49
49 50
50 51
51 52
52 53
53 54
54 55
55 56
56 57
57 58
58 59
59 60
60 61
61 62
62 63
63 64
64 65
65 66
66 67
67 68
68 69
69 70
70 71
71 72
72 73
73 74
74 75
75 76
76 77
77 78
78 79
79 80
80 81
81 82
82 83
83 84
84 85
85 86
86 87
87 88
88 89
89 90
90 91
91 92
92 93
93 94
94 95
95 96
96 97
97 98
98 99
99 100
100 101
101 102
102 103
103 104
104 105
105 106
106 107
107 108
108 109
109 110
110 111
111 112
112 113
113 114
114 115
115 116
116 117
117 118
118 119
119 120
120 121
121 122
122 123
123 124
124 125
125 126
126 127
127 128
128 129
129 130
130 131
131 132
132 133
133 134
134 135
135 136
136 137
137 138
138 139
139 140
140 141
141 142
142 143
143 144
144 145
145 146
146 147
147 148
148 149
149 150
150 151
151 152
152 153
153 154
154 155
155 156
156 157
157 158
158 159
159 160
160 161
161 162
162 163
163 164
164 165
165 166
166 167
167 168
168 169
169 170
170 171
171 172
172 173
173 174
174 175
175 176
176 177
177 178
178 179
179 180
180 181
181 182
182 183
183 184
184 185
185 186
186 187
187 188
188 189
189 190
190 191
191 192
192 193
193 194
194 195
195 196
196 197
197 198
198 199
199 200
200 201
201 202
202 203
203 204
204 205
205 206
206 207
207 208
208 209
209 210
210 211
211 212
212 213
213 214
214 215
215 216
216 217
217 218
218 219
219 220
220 221
221 222
222 223
223 224
224 225
225 226
226 227
227 228
228 229
229 230
230 231
231 232
232 233
233 234
234 235
235 236
236 237
237 238
238 239
239 240
240 241
241 242
242 243
243 244
244 245
245 246
246 247
247 248
248 249
249 250
250 251
251 252
252 253
253 254
254 255
255 256
256 257
257 258
258 259
259 260
260 261
261 262
262 263
263 264
264 265
265 266
266 267
267 268
268 269
269 270
270 271
271 272
272 273
273 274
274 275
275 276
276 277
277 278
278 279
279 280
280 281
281 282
282 283
283 284
284 285
285 286
286 287
287 288
288 289
289 290
290 291
291 292
292 293
293 294
294 295
295 296
296 297
297 298
298 299
299 300
300 301
301 302
302 303
303 304
304 305
305 306
306 307
307 308
308 309
309 310
310 311
311 312
312 313
313 314
314 315
315 316
316 317
317 318
318 319
319 320
320 321
321 322
322 323
323 324
324 325
325 326
326 327
327 328
328 329
329 330
330 331
331 332
332 333
333 334
334 335
335 336
336 337
337 338
338 339
339 340
340 341
341 342
342 343
343 344
344 345
345 346
346 347
347 348
348 349
349 350
350 351
351 352
352 353
353 354
354 355
355 356
356 357
357 358
358 359
359 360
360 361
361 362
362 363
363 364
364 365
365 366
366 367
367 368
368 369
369 370
370 371
371 372
372 373
373 374
374 375
375 376
376 377
377 378
378 379
379 380
380 381
381 382
382 383
383 384
384 385
385 386
386 387
387 388
388 389
389 390
390 391
391 392
392 393
393 394
394 395
395 396
396 397
397 398
398 399
399 400
400 401
401 402
402 403
403 404
404 405
405 406
406 407
407 408
408 409
409 410
410 411
411 412
412 413
413 414
414 415
415 416
416 417
417 418
418 419
419 420
420 421
421 422
422 423
423 424
424 425
425 426
426 427
427 428
428 429
429 430
430 431
431 432
432 433
433 434
434 435
435 436
436 437
437 438
438 439
439 440
440 441
441 442
442 443
443 444
444 445
445 446
446 447
447 448
448 449
449 450
450 451
451 452
452 453
453 454
454 455
455 456
456 457
457 458
458 459
459 460
460 461
461 462
462 463
463 464
464 465
465 466
466 467
467 468
468 469
469 470
470 471
471 472
472 473
473 474
474 475
475 476
476 477
477 478
478 479
479 480
480 481
481 482
482 483
483 484
484 485
485 486
486 487
487 488
488 489
489 490
490 491
491 492
492 493
493 494
494 495
495 496
496 497
497 498
498 499
499 500
1 500
285 374
78 132
373 480
95 484
135 438
2 500 1
2 1 1
3
