5
10 60
2 0 1
2 3 8
4 6 5
1 9 2
1 2 9
2 5 6
1 8 3
1 1 0
2 4 7
1 7 4
2 0 1
2 3 8
2 6 5
1 9 2
3 2 9
1 5 6
2 8 3
1 1 0
1 4 7
1 7 4
2 0 1
1 3 8
2 6 5
3 9 2
2 2 9
2 5 6
2 8 3
2 1 0
2 4 7
2 7 4
3 0 1
3 3 8
3 6 5
4 9 2
3 2 9
4 5 6
3 8 3
3 1 0
2 4 7
3 7 4
3 0 1
4 3 8
4 6 5
2 9 2
4 2 9
4 5 6
4 8 3
3 1 0
4 4 7
4 7 4
3 0 1
2 3 8
2 6 5
3 9 2
3 2 9
3 5 6
4 8 3
4 1 0
4 4 7
3 7 4
10 60
2 0 1
2 3 8
2 6 5
1 9 2
1 2 9
1 5 6
3 8 3
2 1 0
1 4 7
1 7 4
3 0 1
3 3 8
2 6 5
2 9 2
1 2 9
2 5 6
2 8 3
1 1 0
4 4 7
2 7 4
1 0 1
2 3 8
1 6 5
3 9 2
4 2 9
1 5 6
2 8 3
2 1 0
1 4 7
3 7 4
2 0 1
3 3 8
3 6 5
3 9 2
3 2 9
4 5 6
4 8 3
3 1 0
4 4 7
2 7 4
2 0 1
3 3 8
4 6 5
4 9 2
2 2 9
3 5 6
2 8 3
4 1 0
4 4 7
4 7 4
3 0 1
2 3 8
4 6 5
4 9 2
3 2 9
4 5 6
4 8 3
4 1 0
1 4 7
2 7 4
10 60
4 0 1
3 3 8
2 6 5
3 9 2
2 2 9
2 5 6
1 8 3
1 1 0
1 4 7
2 7 4
1 0 1
3 3 8
1 6 5
2 9 2
1 2 9
1 5 6
1 8 3
2 1 0
2 4 7
1 7 4
3 0 1
2 3 8
1 6 5
2 9 2
2 2 9
1 5 6
2 8 3
4 1 0
4 4 7
2 7 4
4 0 1
4 3 8
4 6 5
3 9 2
3 2 9
4 5 6
4 8 3
3 1 0
4 4 7
3 7 4
4 0 1
3 3 8
3 6 5
3 9 2
2 2 9
3 5 6
4 8 3
3 1 0
4 4 7
4 7 4
4 0 1
4 3 8
2 6 5
3 9 2
3 2 9
2 5 6
3 8 3
3 1 0
3 4 7
1 7 4
10 60
1 0 1
2 3 8
2 6 5
2 9 2
2 2 9
1 5 6
1 8 3
1 1 0
4 4 7
2 7 4
1 0 1
1 3 8
2 6 5
2 9 2
4 2 9
4 5 6
2 8 3
1 1 0
1 4 7
2 7 4
2 0 1
1 3 8
4 6 5
1 9 2
2 2 9
2 5 6
1 8 3
1 1 0
2 4 7
1 7 4
4 0 1
4 3 8
3 6 5
4 9 2
4 2 9
3 5 6
1 8 3
4 1 0
4 4 7
4 7 4
4 0 1
1 3 8
3 6 5
3 9 2
3 2 9
2 5 6
3 8 3
3 1 0
3 4 7
3 7 4
2 0 1
4 3 8
3 6 5
1 9 2
4 2 9
3 5 6
4 8 3
3 1 0
3 4 7
3 7 4
10 60
2 0 1
1 3 8
2 6 5
2 9 2
1 2 9
4 5 6
2 8 3
2 1 0
1 4 7
2 7 4
2 0 1
4 3 8
1 6 5
2 9 2
2 2 9
1 5 6
2 8 3
1 1 0
1 4 7
4 7 4
1 0 1
2 3 8
1 6 5
1 9 2
3 2 9
2 5 6
1 8 3
1 1 0
2 4 7
1 7 4
4 0 1
4 3 8
4 6 5
3 9 2
4 2 9
4 5 6
2 8 3
4 1 0
4 4 7
4 7 4
3 0 1
3 3 8
3 6 5
3 9 2
3 2 9
3 5 6
3 8 3
3 1 0
4 4 7
3 7 4
4 0 1
4 3 8
4 6 5
2 9 2
3 2 9
1 5 6
3 8 3
3 1 0
4 4 7
4 7 4
