100
500000000
499999999
499999998
499999997
499999996
499999995
499999994
499999993
499999992
499999991
499999990
499999989
499999988
499999987
499999986
499999985
499999984
499999983
499999982
499999981
499999980
499999979
499999978
499999977
499999976
499999975
499999974
499999973
499999972
499999971
499999970
499999969
499999968
499999967
499999966
499999965
499999964
499999963
499999962
499999961
499999960
499999959
499999958
499999957
499999956
499999955
499999954
499999953
499999952
499999951
499999950
499999949
499999948
499999947
499999946
499999945
499999944
499999943
499999942
499999941
499999940
499999939
499999938
499999937
499999936
499999935
499999934
499999933
499999932
499999931
499999930
499999929
499999928
499999927
499999926
499999925
499999924
499999923
499999922
499999921
499999920
499999919
499999918
499999917
499999916
499999915
499999914
499999913
499999912
499999911
499999910
499999909
499999908
499999907
499999906
499999905
499999904
499999903
499999902
499999901
