100
858
1538
2343
3186
3324
3899
4386
4779
5457
6331
7118
7740
8047
8608
9417
9527
9775
9898
10091
10840
11722
12223
12387
12587
13106
13572
13982
14856
15589
16085
16486
17473
18461
19349
20062
20646
21133
21743
22098
22495
22716
23228
23988
24213
24446
25118
25570
26434
27427
28336
28735
29202
29999
30604
31098
31668
32184
33113
33730
34564
35303
36292
36762
37317
38301
38468
39200
39902
40637
41389
42211
42691
43684
43800
44676
45128
46056
46317
46445
46922
47231
48119
48425
48767
49021
49885
50209
51092
51958
52388
53372
54267
54714
55251
56216
57176
57502
58409
58790
59630
