100
904
1104
1447
1566
2352
2804
3415
4145
4447
5290
6212
6571
7180
7370
7553
8093
8921
9648
9868
10763
11339
12124
12529
12898
13007
13790
14713
15026
15486
16439
17308
18207
19015
19685
20267
20374
20598
21335
21758
22419
23026
23844
24311
24654
25122
26070
26683
27065
27226
28198
28554
29293
30002
30940
31497
31875
32381
33040
33800
34092
34899
35496
35757
35995
36542
37318
37964
38358
38656
39267
39679
40146
40780
41380
41687
42373
42679
42896
43373
43584
43965
44435
45353
45556
45882
46218
47047
47526
48423
48674
49291
49746
50715
51100
51474
51653
52410
53406
53796
54221
