100
471
1313
1516
1914
2794
3723
4147
4644
5507
5730
6020
6317
7128
7545
7730
8326
9190
9402
9769
10337
10644
11346
12293
12853
13065
13994
14863
15335
16224
17027
17406
17516
17899
18085
18851
19240
19359
20030
20422
21278
22187
23040
23856
24591
25218
25772
26765
27519
27821
28541
29362
29995
30350
30970
31391
32169
32890
33715
34375
34526
35099
35631
36414
36967
37435
37612
37899
38127
39106
39294
40261
41078
41602
42136
42935
43337
43572
44497
45252
45784
46258
46461
46749
47295
48069
48524
48832
49124
49703
50174
50626
50785
51336
52089
52453
52727
53304
53409
53934
54406
